id,label
1,0
2,0
3,0
4,1
5,0
6,0
7,0
8,1
9,0
10,0
11,1
12,1
13,0
14,0
15,1
16,1
17,0
18,0
19,0
20,1
21,1
22,0
23,0
24,0
25,0
26,1
27,0
28,0
29,0
30,0
31,1
32,0
33,0
34,0
35,0
36,0
37,1
38,0
39,0
40,0
41,1
42,1
43,0
44,0
45,0
46,1
47,0
48,0
49,0
50,0
51,0
52,0
53,0
54,1
55,0
56,0
57,0
58,1
59,1
60,0
61,0
62,0
63,0
64,0
65,0
66,0
67,1
68,0
69,0
70,0
71,1
72,1
73,0
74,0
75,0
76,0
77,0
78,0
79,0
80,0
81,0
82,0
83,0
84,1
85,0
86,0
87,0
88,1
89,0
90,1
91,0
92,0
93,1
94,0
95,0
96,0
97,0
98,0
99,0
100,0
101,0
102,0
103,0
104,0
105,0
106,0
107,1
108,0
109,0
110,0
111,0
112,0
113,0
114,0
115,0
116,0
117,0
118,0
119,0
120,0
121,0
122,0
123,0
124,0
125,0
126,0
127,1
128,0
129,0
130,1
131,1
132,0
133,0
134,1
135,0
136,0
137,0
138,0
139,0
140,0
141,1
142,0
143,1
144,1
145,0
146,0
147,0
148,0
149,1
150,0
151,0
152,0
153,0
154,0
155,1
156,0
157,0
158,0
159,0
160,0
161,0
162,0
163,0
164,0
165,1
166,0
167,1
168,0
169,0
170,0
171,1
172,0
173,0
174,1
175,0
176,1
177,0
178,0
179,0
180,1
181,0
182,1
183,0
184,0
185,0
186,0
187,0
188,0
189,0
190,0
191,1
192,0
193,0
194,0
195,0
196,0
197,0
198,1
199,0
200,0
201,1
202,1
203,0
204,0
205,1
206,1
207,0
208,0
209,1
210,0
211,0
212,0
213,0
214,0
215,0
216,0
217,0
218,0
219,0
220,0
221,1
222,0
223,0
224,1
225,1
226,0
227,1
228,1
229,0
230,0
231,0
232,1
233,0
234,0
235,0
236,0
237,0
238,0
239,0
240,0
241,0
242,0
243,0
244,0
245,0
246,0
247,0
248,0
249,0
250,0
251,0
252,0
253,0
254,0
255,0
256,0
257,0
258,0
259,0
260,0
261,1
262,0
263,0
264,0
265,0
266,1
267,0
268,0
269,0
270,0
271,0
272,0
273,0
274,0
275,0
276,0
277,0
278,0
279,1
280,0
281,0
282,0
283,0
284,0
285,1
286,0
287,0
288,1
289,1
290,0
291,1
292,0
293,0
294,0
295,0
296,0
297,0
298,0
299,1
300,0
301,0
302,0
303,0
304,0
305,0
306,0
307,0
308,0
309,1
310,1
311,0
312,0
313,0
314,1
315,0
316,0
317,0
318,0
319,1
320,0
321,0
322,1
323,0
324,0
325,0
326,1
327,0
328,0
329,0
330,1
331,0
332,0
333,0
334,0
335,1
336,0
337,0
338,0
339,0
340,0
341,0
342,0
343,0
344,1
345,1
346,0
347,1
348,1
349,0
350,0
351,0
352,0
353,0
354,0
355,0
356,1
357,0
358,1
359,0
360,0
361,0
362,0
363,0
364,0
365,0
366,1
367,0
368,1
369,1
370,0
371,0
372,0
373,0
374,1
375,0
376,1
377,1
378,0
379,0
380,0
381,0
382,0
383,1
384,0
385,0
386,0
387,0
388,0
389,0
390,1
391,0
392,0
393,0
394,0
395,0
396,0
397,1
398,0
399,1
400,1
401,0
402,0
403,0
404,0
405,0
406,0
407,0
408,0
409,0
410,1
411,0
412,0
413,0
414,0
415,0
416,0
417,0
418,0
419,1
420,0
421,0
422,0
423,0
424,0
425,0
426,0
427,0
428,0
429,0
430,0
431,0
432,0
433,0
434,0
435,0
436,1
437,1
438,0
439,0
440,1
441,0
442,0
443,0
444,0
445,0
446,1
447,0
448,0
449,0
450,0
451,0
452,0
453,1
454,0
455,0
456,0
457,0
458,1
459,0
460,0
461,0
462,0
463,1
464,0
465,0
466,0
467,1
468,0
469,0
470,0
471,0
472,0
473,0
474,0
475,0
476,0
477,0
478,0
479,0
480,0
481,1
482,0
483,0
484,1
485,0
486,0
487,0
488,0
489,0
490,0
491,0
492,0
493,0
494,0
495,0
496,1
497,0
498,0
499,0
500,0
501,0
502,0
503,0
504,0
505,0
506,1
507,0
508,1
509,0
510,0
511,0
512,0
513,0
514,0
515,0
516,0
517,0
518,0
519,1
520,0
521,0
522,0
523,0
524,0
525,1
526,0
527,1
528,0
529,0
530,1
531,0
532,0
533,0
534,0
535,0
536,1
537,0
538,1
539,0
540,0
541,0
542,1
543,0
544,0
545,1
546,0
547,1
548,0
549,0
550,0
551,0
552,0
553,1
554,1
555,0
556,0
557,0
558,1
559,1
560,0
561,0
562,0
563,0
564,0
565,0
566,0
567,0
568,0
569,0
570,0
571,0
572,0
573,0
574,0
575,1
576,1
577,0
578,0
579,1
580,1
581,0
582,1
583,1
584,0
585,0
586,0
587,0
588,0
589,0
590,0
591,0
592,0
593,0
594,0
595,1
596,0
597,0
598,1
599,0
600,0
601,0
602,0
603,0
604,1
605,0
606,0
607,0
608,1
609,0
610,0
611,0
612,1
613,0
614,0
615,0
616,0
617,0
618,0
619,0
620,1
621,0
622,0
623,0
624,0
625,0
626,1
627,0
628,1
629,0
630,0
631,0
632,0
633,0
634,0
635,0
636,1
637,0
638,0
639,1
640,0
641,0
642,0
643,1
644,1
645,0
646,0
647,0
648,0
649,0
650,0
651,0
652,0
653,1
654,0
655,0
656,0
657,1
658,0
659,0
660,0
661,1
662,0
663,0
664,0
665,0
666,0
667,0
668,0
669,0
670,1
671,0
672,0
673,0
674,1
675,0
676,0
677,0
678,0
679,0
680,1
681,0
682,0
683,0
684,0
685,0
686,0
687,0
688,0
689,0
690,0
691,0
692,0
693,1
694,0
695,0
696,0
697,0
698,0
699,1
700,1
701,0
702,1
703,1
704,0
705,0
706,0
707,0
708,0
709,1
710,0
711,0
712,1
713,0
714,0
715,0
716,0
717,0
718,0
719,1
720,1
721,0
722,1
723,0
724,0
725,0
726,0
727,1
728,0
729,0
730,0
731,0
732,0
733,1
734,0
735,0
736,0
737,0
738,0
739,0
740,0
741,0
742,0
743,0
744,0
745,0
746,0
747,0
748,0
749,1
750,0
751,1
752,1
753,0
754,0
755,1
756,0
757,0
758,0
759,1
760,0
761,0
762,0
763,0
764,0
765,0
766,0
767,0
768,0
769,0
770,1
771,0
772,0
773,0
774,0
775,0
776,1
777,1
778,0
779,0
780,0
781,0
782,1
783,0
784,0
785,0
786,1
787,1
788,0
789,0
790,0
791,0
792,0
793,0
794,0
795,0
796,0
797,0
798,1
799,0
800,0
801,0
802,0
803,0
804,0
805,0
806,0
807,0
808,1
809,0
810,0
811,1
812,0
813,0
814,0
815,0
816,1
817,0
818,0
819,0
820,0
821,0
822,0
823,0
824,0
825,1
826,0
827,0
828,0
829,1
830,1
831,0
832,0
833,0
834,0
835,0
836,0
837,0
838,0
839,0
840,0
841,0
842,0
843,0
844,1
845,0
846,0
847,1
848,0
849,1
850,0
851,0
852,1
853,0
854,0
855,0
856,0
857,0
858,0
859,1
860,0
861,0
862,0
863,0
864,0
865,0
866,0
867,1
868,0
869,1
870,0
871,0
872,0
873,1
874,0
875,0
876,0
877,0
878,0
879,1
880,1
881,0
882,0
883,1
884,0
885,1
886,0
887,0
888,1
889,0
890,1
891,0
892,0
893,0
894,0
895,1
896,0
897,0
898,1
899,0
900,1
901,1
902,1
903,0
904,0
905,0
906,1
907,1
908,0
909,1
910,0
911,0
912,0
913,0
914,0
915,1
916,0
917,0
918,0
919,0
920,0
921,1
922,1
923,0
924,0
925,0
926,0
927,0
928,0
929,0
930,0
931,0
932,1
933,0
934,0
935,0
936,0
937,0
938,1
939,0
940,0
941,0
942,1
943,0
944,0
945,0
946,1
947,0
948,0
949,0
950,0
951,0
952,0
953,0
954,0
955,0
956,0
957,0
958,0
959,1
960,0
961,0
962,0
963,0
964,0
965,1
966,0
967,0
968,0
969,0
970,0
971,0
972,1
973,0
974,0
975,0
976,0
977,0
978,1
979,1
980,1
981,0
982,0
983,0
984,0
985,0
986,0
987,0
988,0
989,0
990,0
991,1
992,0
993,1
994,0
995,1
996,0
997,0
998,0
999,1
1000,0
1001,0
1002,1
1003,0
1004,0
1005,0
1006,0
1007,0
1008,0
1009,1
1010,0
1011,0
1012,0
1013,1
1014,0
1015,0
1016,1
1017,1
1018,0
1019,0
1020,1
1021,1
1022,0
1023,0
1024,0
1025,0
1026,1
1027,0
1028,0
1029,0
1030,0
1031,0
1032,0
1033,1
1034,0
1035,0
1036,0
1037,0
1038,0
1039,0
1040,0
1041,1
1042,1
1043,0
1044,0
1045,0
1046,1
1047,0
1048,0
1049,0
1050,0
1051,0
1052,1
1053,1
1054,0
1055,0
1056,1
1057,0
1058,0
1059,0
1060,0
1061,0
1062,0
1063,0
1064,0
1065,0
1066,0
1067,1
1068,0
1069,1
1070,1
1071,0
1072,0
1073,0
1074,0
1075,1
1076,1
1077,0
1078,0
1079,1
1080,0
1081,0
1082,0
1083,1
1084,0
1085,0
1086,0
1087,1
1088,0
1089,0
1090,1
1091,1
1092,0
1093,0
1094,0
1095,0
1096,0
1097,0
1098,1
1099,0
1100,0
1101,0
1102,0
1103,0
1104,0
1105,0
1106,0
1107,0
1108,0
1109,0
1110,0
1111,1
1112,0
1113,1
1114,1
1115,0
1116,0
1117,0
1118,0
1119,0
1120,0
1121,0
1122,0
1123,1
1124,0
1125,0
1126,0
1127,0
1128,0
1129,0
1130,0
1131,0
1132,1
1133,0
1134,0
1135,0
1136,0
1137,0
1138,0
1139,0
1140,0
1141,1
1142,0
1143,0
1144,0
1145,0
1146,0
1147,0
1148,0
1149,0
1150,0
1151,0
1152,1
1153,0
1154,1
1155,1
1156,0
1157,0
1158,1
1159,1
1160,0
1161,0
1162,0
1163,0
1164,0
1165,0
1166,0
1167,0
1168,0
1169,0
1170,0
1171,1
1172,0
1173,0
1174,1
1175,0
1176,0
1177,0
1178,0
1179,0
1180,0
1181,0
1182,0
1183,1
1184,0
1185,0
1186,0
1187,0
1188,0
1189,0
1190,0
1191,1
1192,0
1193,0
1194,0
1195,0
1196,0
1197,0
1198,0
1199,0
1200,0
1201,0
1202,0
1203,1
1204,0
1205,1
1206,0
1207,1
1208,0
1209,0
1210,0
1211,0
1212,0
1213,0
1214,0
1215,1
1216,0
1217,0
1218,0
1219,1
1220,0
1221,0
1222,0
1223,1
1224,0
1225,0
1226,0
1227,1
1228,1
1229,0
1230,1
1231,0
1232,0
1233,0
1234,0
1235,0
1236,0
1237,1
1238,0
1239,0
1240,1
1241,1
1242,1
1243,0
1244,0
1245,0
1246,0
1247,0
1248,0
1249,0
1250,1
1251,1
1252,0
1253,0
1254,0
1255,1
1256,0
1257,0
1258,0
1259,0
1260,0
1261,0
1262,0
1263,0
1264,0
1265,0
1266,0
1267,0
1268,0
1269,1
1270,0
1271,0
1272,0
1273,0
1274,1
1275,0
1276,0
1277,0
1278,0
1279,0
1280,0
1281,0
1282,1
1283,0
1284,0
1285,0
1286,0
1287,0
1288,0
1289,0
1290,1
1291,1
1292,0
1293,0
1294,0
1295,1
1296,0
1297,1
1298,0
1299,0
1300,0
1301,0
1302,0
1303,0
1304,0
1305,0
1306,0
1307,0
1308,0
1309,0
1310,0
1311,0
1312,1
1313,0
1314,0
1315,1
1316,0
1317,0
1318,0
1319,0
1320,1
1321,0
1322,0
1323,0
1324,1
1325,0
1326,0
1327,1
1328,0
1329,1
1330,0
1331,1
1332,1
1333,0
1334,0
1335,0
1336,0
1337,1
1338,0
1339,0
1340,0
1341,0
1342,1
1343,0
1344,1
1345,0
1346,1
1347,0
1348,0
1349,0
1350,0
1351,0
1352,0
1353,0
1354,0
1355,1
1356,0
1357,0
1358,1
1359,0
1360,1
1361,1
1362,0
1363,0
1364,1
1365,0
1366,0
1367,0
1368,0
1369,0
1370,0
1371,1
1372,0
1373,0
1374,0
1375,0
1376,1
1377,1
1378,0
1379,1
1380,1
1381,1
1382,0
1383,0
1384,0
1385,0
1386,0
1387,0
1388,0
1389,0
1390,0
1391,0
1392,0
1393,0
1394,0
1395,0
1396,0
1397,0
1398,0
1399,0
1400,0
1401,1
1402,0
1403,1
1404,0
1405,0
1406,0
1407,0
1408,0
1409,0
1410,1
1411,0
1412,1
1413,0
1414,0
1415,0
1416,0
1417,0
1418,0
1419,1
1420,0
1421,1
1422,0
1423,0
1424,0
1425,0
1426,1
1427,0
1428,0
1429,1
1430,1
1431,0
1432,0
1433,0
1434,0
1435,0
1436,0
1437,0
1438,1
1439,0
1440,1
1441,0
1442,0
1443,0
1444,1
1445,0
1446,0
1447,0
1448,0
1449,0
1450,1
1451,0
1452,0
1453,0
1454,0
1455,0
1456,0
1457,0
1458,0
1459,0
1460,1
1461,1
1462,0
1463,0
1464,0
1465,1
1466,0
1467,0
1468,1
1469,0
1470,0
1471,0
1472,0
1473,1
1474,0
1475,0
1476,0
1477,0
1478,1
1479,1
1480,0
1481,0
1482,0
1483,0
1484,0
1485,0
1486,0
1487,1
1488,0
1489,0
1490,0
1491,0
1492,0
1493,0
1494,0
1495,0
1496,0
1497,1
1498,1
1499,0
1500,0
1501,0
1502,0
1503,0
1504,0
1505,1
1506,0
1507,1
1508,0
1509,0
1510,0
1511,0
1512,0
1513,0
1514,0
1515,0
1516,0
1517,1
1518,0
1519,0
1520,0
1521,0
1522,0
1523,0
1524,0
1525,0
1526,0
1527,1
1528,0
1529,0
1530,0
1531,0
1532,1
1533,0
1534,0
1535,0
1536,0
1537,0
1538,0
1539,1
1540,0
1541,0
1542,0
1543,0
1544,0
1545,0
1546,0
1547,0
1548,0
1549,0
1550,0
1551,0
1552,1
1553,0
1554,0
1555,0
1556,0
1557,1
1558,1
1559,1
1560,1
1561,0
1562,0
1563,0
1564,0
1565,0
1566,1
1567,1
1568,0
1569,0
1570,0
1571,0
1572,0
1573,0
1574,0
1575,0
1576,0
1577,0
1578,0
1579,0
1580,0
1581,0
1582,0
1583,0
1584,0
1585,0
1586,0
1587,0
1588,0
1589,0
1590,0
1591,1
1592,0
1593,1
1594,0
1595,0
1596,0
1597,0
1598,0
1599,0
1600,0
1601,1
1602,0
1603,0
1604,0
1605,0
1606,0
1607,0
1608,0
1609,0
1610,0
1611,0
1612,0
1613,0
1614,1
1615,0
1616,0
1617,0
1618,0
1619,0
1620,0
1621,1
1622,0
1623,1
1624,0
1625,0
1626,0
1627,0
1628,0
1629,0
1630,1
1631,0
1632,1
1633,1
1634,0
1635,0
1636,0
1637,0
1638,0
1639,0
1640,0
1641,0
1642,0
1643,0
1644,0
1645,0
1646,0
1647,0
1648,0
1649,0
1650,0
1651,0
1652,0
1653,0
1654,0
1655,1
1656,1
1657,1
1658,0
1659,0
1660,0
1661,0
1662,0
1663,0
1664,0
1665,0
1666,0
1667,0
1668,0
1669,0
1670,0
1671,0
1672,1
1673,0
1674,1
1675,0
1676,0
1677,0
1678,0
1679,0
1680,0
1681,1
1682,0
1683,0
1684,0
1685,0
1686,0
1687,0
1688,0
1689,0
1690,1
1691,0
1692,0
1693,0
1694,0
1695,0
1696,0
1697,0
1698,0
1699,0
1700,1
1701,0
1702,0
1703,0
1704,0
1705,0
1706,1
1707,1
1708,0
1709,1
1710,0
1711,0
1712,0
1713,0
1714,1
1715,0
1716,0
1717,1
1718,0
1719,0
1720,0
1721,0
1722,0
1723,0
1724,0
1725,0
1726,0
1727,1
1728,0
1729,1
1730,0
1731,0
1732,1
1733,0
1734,0
1735,0
1736,1
1737,0
1738,0
1739,0
1740,0
1741,0
1742,0
1743,0
1744,0
1745,0
1746,1
1747,0
1748,0
1749,0
1750,0
1751,1
1752,0
1753,0
1754,0
1755,0
1756,0
1757,0
1758,1
1759,1
1760,1
1761,0
1762,1
1763,0
1764,1
1765,0
1766,1
1767,0
1768,1
1769,0
1770,1
1771,1
1772,0
1773,0
1774,0
1775,0
1776,0
1777,0
1778,0
1779,0
1780,0
1781,0
1782,0
1783,0
1784,0
1785,0
1786,0
1787,0
1788,0
1789,0
1790,0
1791,0
1792,0
1793,0
1794,0
1795,0
1796,0
1797,0
1798,0
1799,1
1800,0
1801,0
1802,0
1803,0
1804,0
1805,1
1806,0
1807,0
1808,1
1809,1
1810,1
1811,0
1812,0
1813,0
1814,0
1815,1
1816,0
1817,0
1818,0
1819,0
1820,0
1821,0
1822,1
1823,0
1824,0
1825,1
1826,0
1827,0
1828,0
1829,0
1830,1
1831,0
1832,0
1833,0
1834,0
1835,0
1836,0
1837,0
1838,0
1839,1
1840,0
1841,1
1842,0
1843,0
1844,0
1845,1
1846,0
1847,1
1848,0
1849,0
1850,0
1851,0
1852,0
1853,0
1854,0
1855,0
1856,0
1857,0
1858,0
1859,0
1860,0
1861,0
1862,0
1863,0
1864,0
1865,0
1866,0
1867,0
1868,0
1869,1
1870,0
1871,0
1872,0
1873,0
1874,0
1875,0
1876,0
1877,0
1878,0
1879,0
1880,0
1881,0
1882,0
1883,1
1884,0
1885,1
1886,0
1887,0
1888,0
1889,0
1890,0
1891,1
1892,0
1893,1
1894,0
1895,0
1896,0
1897,1
1898,0
1899,0
1900,0
1901,1
1902,0
1903,1
1904,0
1905,1
1906,0
1907,0
1908,0
1909,0
1910,0
1911,1
1912,0
1913,0
1914,0
1915,0
1916,1
1917,0
1918,0
1919,0
1920,0
1921,0
1922,0
1923,0
1924,0
1925,1
1926,0
1927,0
1928,1
1929,0
1930,0
1931,1
1932,1
1933,1
1934,0
1935,0
1936,0
1937,0
1938,0
1939,0
1940,0
1941,0
1942,1
1943,0
1944,0
1945,0
1946,1
1947,1
1948,0
1949,0
1950,0
1951,0
1952,0
1953,0
1954,0
1955,0
1956,0
1957,0
1958,0
1959,0
1960,0
1961,1
1962,0
1963,0
1964,0
1965,0
1966,0
1967,0
1968,1
1969,0
1970,0
1971,1
1972,0
1973,1
1974,1
1975,0
1976,0
1977,1
1978,0
1979,1
1980,1
1981,1
1982,0
1983,0
1984,0
1985,0
1986,0
1987,0
1988,0
1989,0
1990,0
1991,0
1992,0
1993,0
1994,0
1995,0
1996,1
1997,0
1998,0
1999,1
2000,0
2001,0
2002,0
2003,0
2004,0
2005,0
2006,0
2007,1
2008,0
2009,1
2010,1
2011,0
2012,0
2013,0
2014,0
2015,0
2016,1
2017,1
2018,0
2019,0
2020,0
2021,0
2022,0
2023,1
2024,0
2025,0
2026,0
2027,0
2028,0
2029,0
2030,0
2031,0
2032,1
2033,0
2034,0
2035,0
2036,0
2037,0
2038,0
2039,1
2040,0
2041,1
2042,0
2043,0
2044,0
2045,1
2046,1
2047,0
2048,0
2049,0
2050,0
2051,0
2052,0
2053,0
2054,0
2055,0
2056,0
2057,1
2058,0
2059,0
2060,0
2061,0
2062,0
2063,0
2064,1
2065,0
2066,0
2067,0
2068,0
2069,0
2070,0
2071,0
2072,1
2073,0
2074,0
2075,0
2076,0
2077,0
2078,1
2079,0
2080,0
2081,0
2082,0
2083,1
2084,0
2085,1
2086,0
2087,0
2088,0
2089,0
2090,0
2091,0
2092,0
2093,0
2094,0
2095,0
2096,0
2097,0
2098,0
2099,0
2100,1
2101,0
2102,1
2103,0
2104,1
2105,0
2106,0
2107,0
2108,0
2109,0
2110,1
2111,0
2112,0
2113,0
2114,0
2115,1
2116,0
2117,0
2118,0
2119,0
2120,0
2121,0
2122,1
2123,0
2124,0
2125,1
2126,0
2127,0
2128,0
2129,0
2130,1
2131,1
2132,0
2133,0
2134,0
2135,1
2136,0
2137,0
2138,0
2139,0
2140,0
2141,1
2142,0
2143,0
2144,0
2145,1
2146,0
2147,0
2148,0
2149,1
2150,0
2151,1
2152,0
2153,0
2154,1
2155,0
2156,0
2157,0
2158,0
2159,0
2160,1
2161,0
2162,0
2163,0
2164,0
2165,0
2166,0
2167,0
2168,1
2169,1
2170,1
2171,0
2172,1
2173,1
2174,0
2175,0
2176,0
2177,0
2178,0
2179,0
2180,0
2181,0
2182,0
2183,0
2184,1
2185,0
2186,0
2187,1
2188,0
2189,0
2190,1
2191,0
2192,0
2193,0
2194,0
2195,1
2196,0
2197,0
2198,1
2199,0
2200,1
2201,0
2202,0
2203,1
2204,0
2205,0
2206,0
2207,0
2208,0
2209,0
2210,0
2211,0
2212,0
2213,0
2214,0
2215,0
2216,0
2217,1
2218,0
2219,1
2220,0
2221,1
2222,0
2223,1
2224,0
2225,0
2226,0
2227,0
2228,0
2229,0
2230,0
2231,0
2232,0
2233,1
2234,1
2235,0
2236,1
2237,0
2238,0
2239,0
2240,0
2241,1
2242,0
2243,0
2244,1
2245,1
2246,1
2247,1
2248,1
2249,0
2250,0
2251,0
2252,1
2253,0
2254,0
2255,0
2256,0
2257,0
2258,0
2259,0
2260,0
2261,1
2262,0
2263,0
2264,0
2265,0
2266,0
2267,0
2268,1
2269,0
2270,0
2271,0
2272,0
2273,0
2274,0
2275,1
2276,1
2277,0
2278,0
2279,1
2280,0
2281,0
2282,0
2283,0
2284,0
2285,0
2286,1
2287,0
2288,0
2289,0
2290,0
2291,0
2292,1
2293,0
2294,1
2295,0
2296,0
2297,0
2298,1
2299,1
2300,0
2301,0
2302,0
2303,0
2304,1
2305,1
2306,1
2307,0
2308,0
2309,0
2310,0
2311,1
2312,0
2313,0
2314,0
2315,0
2316,1
2317,1
2318,0
2319,0
2320,0
2321,1
2322,0
2323,0
2324,0
2325,0
2326,0
2327,0
2328,0
2329,0
2330,1
2331,1
2332,0
2333,0
2334,0
2335,1
2336,0
2337,1
2338,0
2339,0
2340,0
2341,0
2342,1
2343,0
2344,1
2345,0
2346,1
2347,0
2348,0
2349,0
2350,0
2351,0
2352,1
2353,0
2354,1
2355,0
2356,1
2357,0
2358,0
2359,0
2360,1
2361,0
2362,0
2363,0
2364,0
2365,0
2366,0
2367,1
2368,0
2369,0
2370,0
2371,0
2372,0
2373,0
2374,0
2375,0
2376,0
2377,0
2378,0
2379,0
2380,0
2381,0
2382,0
2383,0
2384,0
2385,0
2386,0
2387,0
2388,0
2389,0
2390,0
2391,1
2392,1
2393,0
2394,0
2395,0
2396,0
2397,0
2398,0
2399,0
2400,0
2401,0
2402,1
2403,0
2404,0
2405,0
2406,0
2407,0
2408,1
2409,0
2410,1
2411,0
2412,0
2413,0
2414,0
2415,1
2416,0
2417,0
2418,0
2419,0
2420,0
2421,0
2422,0
2423,0
2424,1
2425,1
2426,1
2427,0
2428,0
2429,1
2430,0
2431,0
2432,0
2433,0
2434,0
2435,0
2436,0
2437,0
2438,1
2439,0
2440,1
2441,0
2442,1
2443,0
2444,0
2445,0
2446,1
2447,0
2448,0
2449,0
2450,0
2451,0
2452,0
2453,0
2454,0
2455,1
2456,0
2457,0
2458,0
2459,0
2460,0
2461,1
2462,0
2463,0
2464,0
2465,1
2466,0
2467,1
2468,0
2469,0
2470,1
2471,0
2472,0
2473,0
2474,0
2475,1
2476,0
2477,0
2478,0
2479,0
2480,0
2481,1
2482,0
2483,0
2484,1
2485,0
2486,0
2487,0
2488,0
2489,0
2490,0
2491,0
2492,1
2493,0
2494,0
2495,0
2496,0
2497,1
2498,0
2499,0
2500,0
2501,0
2502,0
2503,0
2504,0
2505,0
2506,0
2507,0
2508,0
2509,0
2510,1
2511,0
2512,0
2513,0
2514,0
2515,0
2516,0
2517,0
2518,1
2519,0
2520,1
2521,0
2522,0
2523,0
2524,0
2525,1
2526,1
2527,0
2528,0
2529,0
2530,1
2531,1
2532,0
2533,0
2534,0
2535,1
2536,0
2537,0
2538,0
2539,0
2540,0
2541,0
2542,1
2543,0
2544,1
2545,0
2546,1
2547,0
2548,0
2549,0
2550,1
2551,0
2552,0
2553,1
2554,0
2555,0
2556,0
2557,0
2558,0
2559,0
2560,0
2561,0
2562,0
2563,0
2564,1
2565,0
2566,0
2567,0
2568,0
2569,0
2570,0
2571,0
2572,1
2573,1
2574,0
2575,1
2576,0
2577,0
2578,0
2579,0
2580,0
2581,0
2582,1
2583,0
2584,1
2585,0
2586,1
2587,0
2588,0
2589,0
2590,0
2591,0
2592,0
2593,1
2594,0
2595,0
2596,0
2597,0
2598,0
2599,0
2600,1
2601,0
2602,0
2603,0
2604,0
2605,1
2606,0
2607,1
2608,0
2609,0
2610,0
2611,0
2612,0
2613,0
2614,0
2615,0
2616,1
2617,0
2618,0
2619,1
2620,0
2621,0
2622,1
2623,0
2624,0
2625,0
2626,1
2627,1
2628,0
2629,1
2630,0
2631,0
2632,0
2633,0
2634,0
2635,0
2636,0
2637,0
2638,0
2639,0
2640,1
2641,0
2642,1
2643,0
2644,0
2645,0
2646,0
2647,0
2648,0
2649,0
2650,0
2651,0
2652,0
2653,1
2654,1
2655,0
2656,0
2657,0
2658,0
2659,0
2660,0
2661,0
2662,0
2663,1
2664,0
2665,1
2666,0
2667,0
2668,1
2669,0
2670,1
2671,1
2672,0
2673,0
2674,1
2675,0
2676,0
2677,1
2678,0
2679,0
2680,0
2681,0
2682,0
2683,1
2684,0
2685,0
2686,0
2687,0
2688,0
2689,0
2690,0
2691,0
2692,0
2693,0
2694,0
2695,1
2696,0
2697,0
2698,1
2699,0
2700,0
2701,0
2702,0
2703,0
2704,1
2705,0
2706,0
2707,0
2708,0
2709,1
2710,0
2711,0
2712,0
2713,0
2714,0
2715,0
2716,0
2717,0
2718,0
2719,0
2720,0
2721,1
2722,0
2723,0
2724,0
2725,1
2726,0
2727,0
2728,0
2729,0
2730,0
2731,0
2732,0
2733,1
2734,0
2735,0
2736,0
2737,1
2738,0
2739,0
2740,0
2741,0
2742,0
2743,0
2744,0
2745,1
2746,0
2747,0
2748,1
2749,0
2750,0
2751,1
2752,0
2753,0
2754,0
2755,0
2756,0
2757,0
2758,0
2759,0
2760,0
2761,0
2762,0
2763,1
2764,0
2765,0
2766,0
2767,1
2768,0
2769,1
2770,0
2771,0
2772,0
2773,0
2774,0
2775,0
2776,0
2777,1
2778,0
2779,0
2780,0
2781,0
2782,1
2783,0
2784,1
2785,0
2786,0
2787,0
2788,1
2789,0
2790,0
2791,0
2792,0
2793,1
2794,0
2795,0
2796,1
2797,0
2798,0
2799,1
2800,0
2801,0
2802,1
2803,0
2804,0
2805,0
2806,0
2807,0
2808,0
2809,0
2810,1
2811,0
2812,0
2813,1
2814,0
2815,0
2816,1
2817,0
2818,0
2819,1
2820,0
2821,0
2822,0
2823,0
2824,0
2825,0
2826,1
2827,1
2828,0
2829,1
2830,0
2831,0
2832,0
2833,0
2834,1
2835,0
2836,0
2837,0
2838,0
2839,0
2840,0
2841,0
2842,0
2843,0
2844,0
2845,0
2846,0
2847,1
2848,0
2849,0
2850,0
2851,0
2852,1
2853,0
2854,0
2855,0
2856,0
2857,0
2858,0
2859,0
2860,0
2861,0
2862,0
2863,0
2864,0
2865,0
2866,0
2867,0
2868,0
2869,0
2870,0
2871,0
2872,0
2873,0
2874,0
2875,0
2876,0
2877,1
2878,0
2879,0
2880,0
2881,1
2882,0
2883,0
2884,1
2885,0
2886,1
2887,0
2888,0
2889,0
2890,0
2891,0
2892,0
2893,0
2894,0
2895,1
2896,0
2897,0
2898,0
2899,0
2900,0
2901,0
2902,1
2903,0
2904,0
2905,0
2906,1
2907,1
2908,0
2909,0
2910,0
2911,0
2912,0
2913,0
2914,0
2915,1
2916,0
2917,1
2918,1
2919,0
2920,0
2921,0
2922,0
2923,1
2924,0
2925,0
2926,0
2927,1
2928,0
2929,0
2930,1
2931,1
2932,0
2933,0
2934,0
2935,0
2936,0
2937,0
2938,0
2939,0
2940,0
2941,0
2942,0
2943,0
2944,0
2945,1
2946,1
2947,0
2948,0
2949,0
2950,0
2951,0
2952,1
2953,0
2954,1
2955,0
2956,1
2957,0
2958,0
2959,0
2960,0
2961,0
2962,0
2963,0
2964,0
2965,1
2966,0
2967,1
2968,0
2969,0
2970,0
2971,0
2972,0
2973,1
2974,0
2975,0
2976,1
2977,0
2978,0
2979,0
2980,0
2981,0
2982,0
2983,0
2984,0
2985,0
2986,1
2987,0
2988,1
2989,0
2990,0
2991,0
2992,0
2993,0
2994,0
2995,0
2996,0
2997,0
2998,0
2999,0
3000,0
3001,0
3002,1
3003,0
3004,0
3005,0
3006,0
3007,0
3008,0
3009,0
3010,0
3011,0
3012,0
3013,0
3014,0
3015,0
3016,0
3017,0
3018,0
3019,0
3020,0
3021,0
3022,1
3023,0
3024,0
3025,1
3026,0
3027,0
3028,1
3029,0
3030,0
3031,1
3032,0
3033,0
3034,0
3035,0
3036,0
3037,0
3038,0
3039,0
3040,0
3041,1
3042,0
3043,0
3044,0
3045,0
3046,1
3047,0
3048,1
3049,1
3050,0
3051,0
3052,0
3053,0
3054,0
3055,0
3056,1
3057,0
3058,0
3059,0
3060,0
3061,0
3062,1
3063,0
3064,0
3065,0
3066,0
3067,0
3068,0
3069,0
3070,0
3071,0
3072,0
3073,0
3074,0
3075,0
3076,0
3077,0
3078,1
3079,1
3080,0
3081,0
3082,0
3083,1
3084,0
3085,1
3086,0
3087,0
3088,0
3089,0
3090,0
3091,0
3092,0
3093,0
3094,0
3095,0
3096,0
3097,0
3098,1
3099,0
3100,1
3101,0
3102,0
3103,0
3104,0
3105,0
3106,0
3107,0
3108,0
3109,0
3110,1
3111,1
3112,0
3113,0
3114,0
3115,0
3116,1
3117,1
3118,0
3119,0
3120,0
3121,0
3122,1
3123,0
3124,0
3125,0
3126,0
3127,0
3128,0
3129,0
3130,0
3131,0
3132,1
3133,0
3134,0
3135,1
3136,0
3137,0
3138,0
3139,0
3140,0
3141,0
3142,1
3143,0
3144,0
3145,0
3146,0
3147,0
3148,0
3149,0
3150,0
3151,0
3152,1
3153,0
3154,0
3155,1
3156,0
3157,0
3158,0
3159,1
3160,0
3161,1
3162,0
3163,0
3164,1
3165,0
3166,0
3167,0
3168,0
3169,0
3170,0
3171,0
3172,1
3173,0
3174,1
3175,0
3176,0
3177,1
3178,0
3179,0
3180,0
3181,0
3182,0
3183,0
3184,1
3185,0
3186,0
3187,0
3188,0
3189,0
3190,1
3191,0
3192,1
3193,0
3194,0
3195,0
3196,0
3197,0
3198,0
3199,0
3200,0
3201,0
3202,0
3203,0
3204,0
3205,0
3206,0
3207,0
3208,0
3209,0
3210,0
3211,0
3212,0
3213,0
3214,1
3215,0
3216,0
3217,0
3218,0
3219,0
3220,0
3221,0
3222,1
3223,1
3224,0
3225,0
3226,1
3227,0
3228,0
3229,0
3230,0
3231,1
3232,0
3233,0
3234,0
3235,0
3236,0
3237,0
3238,0
3239,0
3240,1
3241,0
3242,0
3243,1
3244,0
3245,0
3246,0
3247,1
3248,1
3249,0
3250,0
3251,0
3252,0
3253,0
3254,1
3255,0
3256,0
3257,0
3258,0
3259,0
3260,0
3261,0
3262,0
3263,0
3264,0
3265,1
3266,0
3267,0
3268,0
3269,0
3270,1
3271,0
3272,1
3273,0
3274,1
3275,0
3276,0
3277,0
3278,0
3279,0
3280,0
3281,0
3282,0
3283,0
3284,1
3285,0
3286,0
3287,0
3288,0
3289,0
3290,0
3291,1
3292,1
3293,0
3294,0
3295,0
3296,0
3297,0
3298,0
3299,1
3300,0
3301,0
3302,0
3303,0
3304,0
3305,0
3306,0
3307,1
3308,0
3309,0
3310,0
3311,1
3312,0
3313,0
3314,1
3315,0
3316,0
3317,0
3318,0
3319,0
3320,1
3321,0
3322,0
3323,1
3324,0
3325,1
3326,0
3327,0
3328,0
3329,0
3330,0
3331,0
3332,0
3333,0
3334,0
3335,0
3336,1
3337,0
3338,0
3339,0
3340,1
3341,1
3342,0
3343,0
3344,0
3345,1
3346,0
3347,0
3348,1
3349,0
3350,0
3351,1
3352,0
3353,0
3354,0
3355,0
3356,0
3357,0
3358,0
3359,0
3360,1
3361,0
3362,0
3363,0
3364,1
3365,0
3366,0
3367,1
3368,0
3369,0
3370,0
3371,0
3372,0
3373,0
3374,0
3375,0
3376,0
3377,1
3378,1
3379,1
3380,0
3381,0
3382,1
3383,0
3384,0
3385,0
3386,0
3387,0
3388,0
3389,0
3390,1
3391,1
3392,1
3393,0
3394,1
3395,0
3396,0
3397,0
3398,0
3399,0
3400,0
3401,0
3402,1
3403,0
3404,0
3405,0
3406,1
3407,0
3408,0
3409,0
3410,0
3411,0
3412,0
3413,0
3414,0
3415,0
3416,0
3417,0
3418,0
3419,0
3420,0
3421,0
3422,0
3423,0
3424,0
3425,1
3426,0
3427,0
3428,1
3429,1
3430,0
3431,0
3432,0
3433,0
3434,0
3435,0
3436,1
3437,0
3438,0
3439,0
3440,0
3441,0
3442,0
3443,0
3444,0
3445,0
3446,0
3447,0
3448,1
3449,0
3450,0
3451,0
3452,0
3453,0
3454,1
3455,0
3456,0
3457,0
3458,0
3459,1
3460,0
3461,0
3462,1
3463,1
3464,0
3465,0
3466,0
3467,1
3468,0
3469,0
3470,1
3471,0
3472,1
3473,0
3474,0
3475,0
3476,1
3477,0
3478,0
3479,0
3480,1
3481,0
3482,0
3483,0
3484,0
3485,0
3486,0
3487,0
3488,1
3489,0
3490,0
3491,0
3492,1
3493,0
3494,0
3495,0
3496,1
3497,0
3498,0
3499,0
3500,0
3501,0
3502,0
3503,0
3504,0
3505,0
3506,1
3507,0
3508,0
3509,0
3510,0
3511,1
3512,0
3513,0
3514,0
3515,0
3516,0
3517,0
3518,1
3519,0
3520,1
3521,0
3522,0
3523,0
3524,0
3525,0
3526,0
3527,0
3528,0
3529,0
3530,0
3531,0
3532,1
3533,0
3534,0
3535,0
3536,0
3537,0
3538,0
3539,0
3540,0
3541,0
3542,0
3543,0
3544,0
3545,0
3546,1
3547,0
3548,0
3549,0
3550,1
3551,0
3552,0
3553,0
3554,0
3555,1
3556,0
3557,0
3558,0
3559,0
3560,0
3561,0
3562,0
3563,1
3564,1
3565,0
3566,0
3567,0
3568,0
3569,0
3570,0
3571,0
3572,0
3573,1
3574,1
3575,0
3576,1
3577,0
3578,0
3579,0
3580,0
3581,0
3582,0
3583,0
3584,1
3585,0
3586,0
3587,0
3588,1
3589,0
3590,0
3591,0
3592,0
3593,1
3594,0
3595,0
3596,0
3597,0
3598,0
3599,0
3600,0
3601,0
3602,0
3603,1
3604,0
3605,0
3606,1
3607,0
3608,0
3609,1
3610,0
3611,0
3612,1
3613,0
3614,1
3615,0
3616,1
3617,1
3618,0
3619,0
3620,1
3621,0
3622,0
3623,0
3624,1
3625,0
3626,0
3627,0
3628,0
3629,0
3630,0
3631,1
3632,0
3633,0
3634,0
3635,0
3636,0
3637,0
3638,0
3639,0
3640,0
3641,0
3642,0
3643,0
3644,0
3645,0
3646,1
3647,0
3648,0
3649,0
3650,1
3651,0
3652,0
3653,0
3654,1
3655,0
3656,0
3657,1
3658,0
3659,0
3660,0
3661,0
3662,0
3663,0
3664,1
3665,0
3666,0
3667,0
3668,0
3669,0
3670,0
3671,0
3672,0
3673,0
3674,0
3675,0
3676,0
3677,0
3678,0
3679,0
3680,0
3681,1
3682,0
3683,0
3684,0
3685,0
3686,1
3687,0
3688,0
3689,0
3690,0
3691,0
3692,1
3693,1
3694,0
3695,0
3696,0
3697,0
3698,0
3699,0
3700,0
3701,0
3702,0
3703,0
3704,0
3705,1
3706,0
3707,0
3708,0
3709,0
3710,0
3711,0
3712,0
3713,1
3714,1
3715,0
3716,0
3717,0
3718,0
3719,1
3720,0
3721,0
3722,0
3723,0
3724,0
3725,0
3726,0
3727,0
3728,1
3729,0
3730,0
3731,0
3732,0
3733,0
3734,0
3735,1
3736,0
3737,0
3738,0
3739,0
3740,0
3741,0
3742,0
3743,0
3744,0
3745,0
3746,0
3747,0
3748,0
3749,0
3750,0
3751,0
3752,0
3753,0
3754,0
3755,1
3756,0
3757,0
3758,0
3759,1
3760,1
3761,0
3762,0
3763,1
3764,0
3765,0
3766,0
3767,1
3768,1
3769,0
3770,0
3771,0
3772,0
3773,0
3774,0
3775,0
3776,0
3777,0
3778,0
3779,0
3780,1
3781,1
3782,0
3783,0
3784,1
3785,0
3786,0
3787,0
3788,0
3789,0
3790,0
3791,0
3792,0
3793,0
3794,0
3795,0
3796,0
3797,0
3798,0
3799,0
3800,0
3801,0
3802,0
3803,0
3804,1
3805,0
3806,0
3807,1
3808,1
3809,0
3810,0
3811,1
3812,0
3813,0
3814,0
3815,1
3816,0
3817,0
3818,0
3819,0
3820,1
3821,0
3822,0
3823,0
3824,0
3825,0
3826,0
3827,0
3828,0
3829,0
3830,0
3831,0
3832,0
3833,1
3834,0
3835,1
3836,0
3837,0
3838,0
3839,0
3840,0
3841,0
3842,0
3843,1
3844,0
3845,0
3846,0
3847,0
3848,0
3849,1
3850,0
3851,0
3852,1
3853,0
3854,0
3855,0
3856,0
3857,0
3858,0
3859,1
3860,0
3861,0
3862,0
3863,0
3864,0
3865,0
3866,0
3867,0
3868,0
3869,0
3870,0
3871,0
3872,0
3873,0
3874,0
3875,0
3876,0
3877,0
3878,0
3879,1
3880,1
3881,0
3882,0
3883,0
3884,0
3885,0
3886,0
3887,0
3888,1
3889,0
3890,0
3891,0
3892,0
3893,0
3894,0
3895,0
3896,0
3897,1
3898,1
3899,0
3900,0
3901,0
3902,1
3903,0
3904,0
3905,0
3906,0
3907,0
3908,1
3909,0
3910,0
3911,0
3912,0
3913,0
3914,0
3915,0
3916,0
3917,0
3918,0
3919,0
3920,0
3921,0
3922,0
3923,1
3924,1
3925,0
3926,0
3927,1
3928,0
3929,0
3930,0
3931,0
3932,0
3933,0
3934,1
3935,0
3936,1
3937,0
3938,0
3939,0
3940,1
3941,0
3942,0
3943,0
3944,0
3945,0
3946,1
3947,0
3948,0
3949,0
3950,0
3951,0
3952,1
3953,0
3954,0
3955,0
3956,0
3957,0
3958,0
3959,0
3960,0
3961,0
3962,1
3963,0
3964,0
3965,0
3966,0
3967,1
3968,0
3969,1
3970,0
3971,0
3972,1
3973,0
3974,0
3975,0
3976,0
3977,0
3978,0
3979,1
3980,0
3981,0
3982,0
3983,0
3984,0
3985,1
3986,1
3987,0
3988,1
3989,0
3990,1
3991,0
3992,1
3993,0
3994,1
3995,0
3996,0
3997,0
3998,0
3999,1
4000,0
4001,0
4002,1
4003,0
4004,0
4005,1
4006,0
4007,0
4008,0
4009,0
4010,0
4011,0
4012,1
4013,0
4014,0
4015,0
4016,0
4017,1
4018,0
4019,0
4020,1
4021,1
4022,0
4023,1
4024,1
4025,1
4026,0
4027,0
4028,0
4029,1
4030,0
4031,1
4032,0
4033,0
4034,0
4035,0
4036,0
4037,0
4038,0
4039,0
4040,0
4041,1
4042,0
4043,0
4044,0
4045,0
4046,0
4047,0
4048,0
4049,1
4050,0
4051,0
4052,1
4053,0
4054,0
4055,0
4056,0
4057,0
4058,0
4059,0
4060,0
4061,0
4062,0
4063,0
4064,0
4065,1
4066,1
4067,0
4068,0
4069,1
4070,0
4071,0
4072,0
4073,1
4074,0
4075,0
4076,0
4077,0
4078,0
4079,1
4080,0
4081,0
4082,0
4083,0
4084,0
4085,0
4086,1
4087,0
4088,0
4089,0
4090,1
4091,1
4092,0
4093,0
4094,0
4095,0
4096,0
4097,1
4098,0
4099,0
4100,0
4101,0
4102,0
4103,0
4104,0
4105,1
4106,0
4107,0
4108,0
4109,0
4110,0
4111,0
4112,1
4113,0
4114,0
4115,0
4116,0
4117,0
4118,0
4119,0
4120,0
4121,0
4122,0
4123,0
4124,0
4125,1
4126,0
4127,0
4128,0
4129,1
4130,0
4131,1
4132,0
4133,0
4134,0
4135,1
4136,0
4137,0
4138,0
4139,0
4140,0
4141,0
4142,0
4143,0
4144,1
4145,0
4146,0
4147,0
4148,0
4149,0
4150,0
4151,1
4152,0
4153,0
4154,0
4155,0
4156,0
4157,0
4158,0
4159,0
4160,1
4161,1
4162,1
4163,0
4164,1
4165,0
4166,0
4167,1
4168,0
4169,0
4170,0
4171,0
4172,0
4173,0
4174,1
4175,0
4176,0
4177,0
4178,1
4179,0
4180,0
4181,0
4182,0
4183,0
4184,0
4185,0
4186,0
4187,1
4188,0
4189,1
4190,0
4191,0
4192,0
4193,1
4194,0
4195,0
4196,0
4197,0
4198,0
4199,0
4200,0
4201,0
4202,1
4203,1
4204,0
4205,0
4206,1
4207,0
4208,0
4209,1
4210,0
4211,1
4212,1
4213,0
4214,0
4215,0
4216,0
4217,0
4218,0
4219,0
4220,0
4221,0
4222,0
4223,0
4224,0
4225,0
4226,0
4227,0
4228,0
4229,0
4230,1
4231,0
4232,1
4233,0
4234,0
4235,0
4236,0
4237,0
4238,0
4239,1
4240,1
4241,0
4242,0
4243,0
4244,0
4245,0
4246,0
4247,0
4248,1
4249,0
4250,0
4251,0
4252,0
4253,0
4254,0
4255,0
4256,0
4257,1
4258,0
4259,0
4260,0
4261,0
4262,0
4263,0
4264,0
4265,0
4266,0
4267,0
4268,0
4269,0
4270,1
4271,0
4272,0
4273,1
4274,0
4275,0
4276,1
4277,0
4278,0
4279,0
4280,1
4281,0
4282,0
4283,1
4284,0
4285,0
4286,0
4287,0
4288,1
4289,0
4290,0
4291,0
4292,0
4293,1
4294,0
4295,0
4296,0
4297,0
4298,0
4299,0
4300,0
4301,1
4302,0
4303,0
4304,0
4305,0
4306,0
4307,0
4308,0
4309,0
4310,0
4311,0
4312,0
4313,0
4314,1
4315,0
4316,0
4317,1
4318,0
4319,1
4320,0
4321,1
4322,0
4323,0
4324,0
4325,0
4326,0
4327,0
4328,0
4329,0
4330,0
4331,0
4332,1
4333,0
4334,0
4335,0
4336,0
4337,0
4338,0
4339,0
4340,0
4341,1
4342,0
4343,1
4344,0
4345,0
4346,0
4347,0
4348,0
4349,0
4350,0
4351,0
4352,0
4353,0
4354,0
4355,0
4356,0
4357,0
4358,0
4359,0
4360,0
4361,1
4362,0
4363,0
4364,0
4365,0
4366,0
4367,0
4368,0
4369,0
4370,0
4371,0
4372,1
4373,0
4374,0
4375,0
4376,0
4377,0
4378,1
4379,0
4380,1
4381,1
4382,0
4383,1
4384,0
4385,1
4386,1
4387,0
4388,1
4389,1
4390,0
4391,0
4392,0
4393,0
4394,1
4395,0
4396,0
4397,0
4398,0
4399,0
4400,0
4401,0
4402,0
4403,0
4404,0
4405,0
4406,0
4407,1
4408,0
4409,0
4410,0
4411,0
4412,0
4413,0
4414,0
4415,0
4416,0
4417,0
4418,0
4419,0
4420,0
4421,0
4422,1
4423,0
4424,0
4425,0
4426,0
4427,0
4428,0
4429,0
4430,0
4431,1
4432,0
4433,0
4434,0
4435,0
4436,0
4437,0
4438,1
4439,0
4440,0
4441,0
4442,1
4443,0
4444,0
4445,0
4446,0
4447,0
4448,0
4449,1
4450,1
4451,0
4452,0
4453,0
4454,0
4455,0
4456,0
4457,0
4458,0
4459,0
4460,0
4461,0
4462,0
4463,1
4464,0
4465,0
4466,1
4467,1
4468,0
4469,0
4470,0
4471,0
4472,0
4473,0
4474,0
4475,0
4476,0
4477,0
4478,0
4479,1
4480,0
4481,1
4482,0
4483,1
4484,0
4485,0
4486,0
4487,0
4488,0
4489,0
4490,1
4491,0
4492,0
4493,1
4494,0
4495,0
4496,0
4497,0
4498,0
4499,0
4500,0
4501,0
4502,0
4503,0
4504,0
4505,0
4506,1
4507,0
4508,0
4509,0
4510,0
4511,0
4512,0
4513,0
4514,1
4515,0
4516,0
4517,0
4518,1
4519,0
4520,0
4521,0
4522,0
4523,0
4524,0
4525,1
4526,0
4527,0
4528,0
4529,0
4530,0
4531,0
4532,1
4533,0
4534,0
4535,0
4536,0
4537,0
4538,0
4539,0
4540,1
4541,1
4542,0
4543,0
4544,1
4545,0
4546,0
4547,0
4548,0
4549,0
4550,0
4551,0
4552,0
4553,0
4554,0
4555,0
4556,0
4557,0
4558,0
4559,0
4560,1
4561,0
4562,0
4563,0
4564,0
4565,0
4566,1
4567,0
4568,0
4569,0
4570,0
4571,0
4572,0
4573,0
4574,0
4575,0
4576,0
4577,0
4578,0
4579,0
4580,0
4581,0
4582,0
4583,0
4584,0
4585,0
4586,0
4587,0
4588,0
4589,0
4590,1
4591,0
4592,1
4593,0
4594,0
4595,0
4596,0
4597,0
4598,0
4599,0
4600,0
4601,1
4602,0
4603,1
4604,0
4605,0
4606,1
4607,0
4608,0
4609,0
4610,0
4611,1
4612,0
4613,0
4614,0
4615,0
4616,1
4617,0
4618,0
4619,0
4620,0
4621,0
4622,0
4623,1
4624,0
4625,0
4626,0
4627,1
4628,0
4629,0
4630,0
4631,1
4632,0
4633,0
4634,1
4635,0
4636,0
4637,0
4638,1
4639,0
4640,0
4641,0
4642,0
4643,0
4644,0
4645,0
4646,0
4647,0
4648,0
4649,1
4650,1
4651,0
4652,0
4653,0
4654,1
4655,0
4656,0
4657,1
4658,0
4659,0
4660,0
4661,0
4662,0
4663,0
4664,0
4665,0
4666,0
4667,0
4668,0
4669,0
4670,0
4671,1
4672,1
4673,0
4674,0
4675,0
4676,0
4677,0
4678,0
4679,0
4680,1
4681,0
4682,0
4683,0
4684,0
4685,0
4686,0
4687,0
4688,0
4689,0
4690,0
4691,0
4692,0
4693,0
4694,0
4695,0
4696,0
4697,0
4698,1
4699,1
4700,0
4701,0
4702,1
4703,0
4704,0
4705,0
4706,0
4707,0
4708,0
4709,0
4710,1
4711,0
4712,0
4713,0
4714,1
4715,1
4716,0
4717,1
4718,0
4719,0
4720,0
4721,0
4722,0
4723,0
4724,0
4725,0
4726,1
4727,0
4728,0
4729,0
4730,0
4731,1
4732,0
4733,1
4734,0
4735,0
4736,0
4737,1
4738,0
4739,0
4740,0
4741,0
4742,0
4743,0
4744,0
4745,0
4746,0
4747,0
4748,1
4749,0
4750,0
4751,0
4752,0
4753,0
4754,0
4755,0
4756,0
4757,0
4758,0
4759,0
4760,0
4761,0
4762,0
4763,0
4764,0
4765,0
4766,0
4767,1
4768,0
4769,0
4770,0
4771,0
4772,0
4773,1
4774,1
4775,0
4776,0
4777,0
4778,0
4779,1
4780,1
4781,0
4782,1
4783,1
4784,0
4785,1
4786,1
4787,0
4788,1
4789,0
4790,0
4791,0
4792,0
4793,1
4794,0
4795,0
4796,0
4797,0
4798,0
4799,0
4800,0
4801,0
4802,0
4803,0
4804,0
4805,0
4806,1
4807,0
4808,0
4809,0
4810,0
4811,0
4812,0
4813,0
4814,0
4815,1
4816,0
4817,0
4818,0
4819,0
4820,0
4821,1
4822,0
4823,0
4824,0
4825,0
4826,0
4827,0
4828,0
4829,0
4830,1
4831,0
4832,1
4833,0
4834,0
4835,0
4836,0
4837,0
4838,0
4839,0
4840,1
4841,0
4842,0
4843,0
4844,0
4845,1
4846,0
4847,0
4848,0
4849,1
4850,1
4851,0
4852,0
4853,0
4854,1
4855,1
4856,1
4857,0
4858,1
4859,0
4860,0
4861,0
4862,0
4863,0
4864,1
4865,0
4866,0
4867,0
4868,0
4869,1
4870,1
4871,0
4872,0
4873,0
4874,0
4875,0
4876,0
4877,0
4878,0
4879,0
4880,0
4881,1
4882,0
4883,0
4884,1
4885,0
4886,0
4887,0
4888,0
4889,0
4890,0
4891,0
4892,1
4893,1
4894,0
4895,0
4896,0
4897,0
4898,0
4899,0
4900,1
4901,0
4902,0
4903,0
4904,0
4905,0
4906,0
4907,0
4908,0
4909,1
4910,0
4911,0
4912,0
4913,0
4914,0
4915,0
4916,0
4917,1
4918,0
4919,1
4920,1
4921,0
4922,0
4923,0
4924,0
4925,0
4926,0
4927,1
4928,0
4929,1
4930,0
4931,0
4932,0
4933,1
4934,0
4935,0
4936,0
4937,0
4938,0
4939,0
4940,0
4941,0
4942,0
4943,1
4944,0
4945,0
4946,0
4947,0
4948,0
4949,1
4950,0
4951,1
4952,0
4953,0
4954,0
4955,0
4956,1
4957,0
4958,0
4959,1
4960,0
4961,0
4962,0
4963,0
4964,0
4965,0
4966,0
4967,0
4968,0
4969,1
4970,0
4971,0
4972,0
4973,0
4974,1
4975,0
4976,0
4977,0
4978,0
4979,0
4980,1
4981,1
4982,0
4983,0
4984,0
4985,0
4986,0
4987,0
4988,0
4989,1
4990,0
4991,0
4992,0
4993,0
4994,0
4995,1
4996,0
4997,0
4998,0
4999,1
5000,1
5001,1
5002,0
5003,1
5004,0
5005,0
5006,0
5007,0
5008,1
5009,0
5010,1
5011,0
5012,0
5013,0
5014,1
5015,0
5016,0
5017,0
5018,0
5019,0
5020,0
5021,0
5022,0
5023,0
5024,0
5025,1
5026,0
5027,0
5028,1
5029,0
5030,0
5031,0
5032,0
5033,0
5034,0
5035,0
5036,0
5037,0
5038,0
5039,0
5040,0
5041,0
5042,1
5043,1
5044,0
5045,0
5046,0
5047,0
5048,0
5049,0
5050,0
5051,0
5052,1
5053,0
5054,0
5055,1
5056,1
5057,0
5058,1
5059,1
5060,0
5061,1
5062,0
5063,0
5064,0
5065,0
5066,0
5067,0
5068,0
5069,1
5070,1
5071,1
5072,0
5073,0
5074,0
5075,0
5076,0
5077,1
5078,0
5079,0
5080,0
5081,0
5082,1
5083,1
5084,0
5085,0
5086,0
5087,0
5088,0
5089,0
5090,1
5091,1
5092,0
5093,0
5094,1
5095,1
5096,1
5097,0
5098,0
5099,0
5100,0
5101,0
5102,0
5103,0
5104,0
5105,0
5106,0
5107,0
5108,0
5109,0
5110,0
5111,0
5112,0
5113,0
5114,0
5115,0
5116,0
5117,0
5118,0
5119,1
5120,0
5121,0
5122,0
5123,0
5124,1
5125,0
5126,0
5127,1
5128,0
5129,1
5130,1
5131,1
5132,0
5133,1
5134,1
5135,0
5136,0
5137,0
5138,1
5139,0
5140,1
5141,0
5142,1
5143,1
5144,0
5145,0
5146,0
5147,0
5148,0
5149,1
5150,0
5151,0
5152,1
5153,0
5154,0
5155,0
5156,0
5157,0
5158,1
5159,0
5160,0
5161,1
5162,0
5163,1
5164,0
5165,0
5166,0
5167,0
5168,0
5169,0
5170,0
5171,0
5172,0
5173,0
5174,0
5175,0
5176,1
5177,0
5178,0
5179,0
5180,0
5181,0
5182,1
5183,0
5184,0
5185,0
5186,0
5187,0
5188,1
5189,0
5190,1
5191,1
5192,1
5193,0
5194,0
5195,0
5196,0
5197,0
5198,0
5199,0
5200,1
5201,0
5202,1
5203,0
5204,0
5205,0
5206,1
5207,0
5208,1
5209,0
5210,0
5211,0
5212,1
5213,0
5214,1
5215,1
5216,0
5217,0
5218,0
5219,0
5220,0
5221,0
5222,0
5223,0
5224,1
5225,1
5226,1
5227,1
5228,0
5229,1
5230,0
5231,0
5232,0
5233,0
5234,0
5235,0
5236,0
5237,0
5238,0
5239,0
5240,1
5241,1
5242,0
5243,1
5244,0
5245,0
5246,0
5247,0
5248,1
5249,1
5250,0
5251,1
5252,0
5253,0
5254,0
5255,0
5256,0
5257,0
5258,0
5259,0
5260,0
5261,0
5262,0
5263,0
5264,0
5265,1
5266,1
5267,1
5268,1
5269,1
5270,0
5271,0
5272,1
5273,0
5274,0
5275,0
5276,0
5277,0
5278,0
5279,0
5280,0
5281,1
5282,0
5283,0
5284,0
5285,0
5286,0
5287,0
5288,0
5289,0
5290,0
5291,0
5292,0
5293,0
5294,0
5295,0
5296,1
5297,0
5298,0
5299,0
5300,0
5301,0
5302,0
5303,0
5304,0
5305,0
5306,0
5307,0
5308,1
5309,0
5310,0
5311,0
5312,1
5313,0
5314,0
5315,0
5316,1
5317,0
5318,0
5319,0
5320,0
5321,0
5322,0
5323,1
5324,0
5325,0
5326,1
5327,0
5328,0
5329,1
5330,0
5331,0
5332,0
5333,0
5334,0
5335,0
5336,0
5337,0
5338,0
5339,0
5340,0
5341,0
5342,0
5343,0
5344,1
5345,0
5346,0
5347,0
5348,0
5349,0
5350,0
5351,0
5352,0
5353,0
5354,0
5355,0
5356,0
5357,1
5358,0
5359,1
5360,0
5361,0
5362,0
5363,0
5364,0
5365,0
5366,0
5367,1
5368,0
5369,0
5370,0
5371,0
5372,0
5373,0
5374,0
5375,0
5376,1
5377,0
5378,1
5379,0
5380,0
5381,0
5382,0
5383,0
5384,0
5385,0
5386,1
5387,0
5388,0
5389,0
5390,0
5391,1
5392,0
5393,1
5394,0
5395,0
5396,0
5397,0
5398,0
5399,0
5400,0
5401,0
5402,0
5403,1
5404,0
5405,0
5406,0
5407,1
5408,0
5409,0
5410,0
5411,0
5412,0
5413,0
5414,0
5415,0
5416,0
5417,0
5418,1
5419,0
5420,0
5421,1
5422,1
5423,1
5424,1
5425,0
5426,0
5427,0
5428,0
5429,0
5430,1
5431,1
5432,0
5433,1
5434,0
5435,0
5436,1
5437,1
5438,1
5439,0
5440,0
5441,0
5442,1
5443,0
5444,0
5445,0
5446,0
5447,0
5448,0
5449,0
5450,1
5451,0
5452,0
5453,0
5454,0
5455,0
5456,0
5457,1
5458,0
5459,0
5460,0
5461,0
5462,0
5463,0
5464,1
5465,0
5466,0
5467,0
5468,1
5469,0
5470,0
5471,0
5472,1
5473,0
5474,0
5475,0
5476,0
5477,0
5478,1
5479,0
5480,0
5481,0
5482,0
5483,0
5484,0
5485,0
5486,1
5487,0
5488,0
5489,0
5490,0
5491,0
5492,0
5493,0
5494,1
5495,1
5496,1
5497,0
5498,0
5499,0
5500,1
5501,0
5502,0
5503,0
5504,0
5505,0
5506,0
5507,1
5508,0
5509,0
5510,0
5511,1
5512,0
5513,0
5514,0
5515,0
5516,0
5517,0
5518,0
5519,0
5520,0
5521,0
5522,0
5523,0
5524,1
5525,1
5526,0
5527,0
5528,0
5529,0
5530,0
5531,0
5532,0
5533,0
5534,0
5535,1
5536,1
5537,0
5538,0
5539,0
5540,1
5541,0
5542,0
5543,1
5544,0
5545,0
5546,0
5547,0
5548,0
5549,0
5550,0
5551,1
5552,0
5553,0
5554,0
5555,0
5556,0
5557,0
5558,0
5559,0
5560,0
5561,0
5562,0
5563,0
5564,0
5565,0
5566,0
5567,0
5568,0
5569,0
5570,1
5571,0
5572,0
5573,0
5574,0
5575,0
5576,0
5577,0
5578,0
5579,0
5580,0
5581,0
5582,0
5583,0
5584,0
5585,0
5586,1
5587,0
5588,0
5589,0
5590,1
5591,0
5592,0
5593,0
5594,0
5595,0
5596,1
5597,0
5598,0
5599,0
5600,1
5601,0
5602,0
5603,0
5604,0
5605,1
5606,0
5607,0
5608,0
5609,0
5610,0
5611,1
5612,0
5613,0
5614,0
5615,0
5616,0
5617,0
5618,1
5619,0
5620,0
5621,0
5622,0
5623,0
5624,0
5625,0
5626,0
5627,0
5628,0
5629,0
5630,0
5631,0
5632,0
5633,0
5634,0
5635,0
5636,0
5637,0
5638,1
5639,1
5640,0
5641,0
5642,0
5643,0
5644,0
5645,0
5646,0
5647,0
5648,0
5649,0
5650,0
5651,0
5652,0
5653,0
5654,0
5655,0
5656,0
5657,0
5658,0
5659,0
5660,1
5661,0
5662,0
5663,0
5664,0
5665,1
5666,0
5667,0
5668,0
5669,0
5670,1
5671,0
5672,0
5673,0
5674,0
5675,1
5676,0
5677,0
5678,0
5679,0
5680,0
5681,1
5682,0
5683,0
5684,0
5685,0
5686,0
5687,0
5688,0
5689,0
5690,0
5691,0
5692,1
5693,0
5694,0
5695,0
5696,0
5697,0
5698,1
5699,0
5700,0
5701,1
5702,0
5703,0
5704,1
5705,0
5706,1
5707,0
5708,0
5709,0
5710,0
5711,0
5712,0
5713,0
5714,0
5715,0
5716,1
5717,0
5718,1
5719,0
5720,1
5721,0
5722,0
5723,1
5724,1
5725,0
5726,0
5727,0
5728,0
5729,1
5730,0
5731,0
5732,0
5733,0
5734,1
5735,1
5736,0
5737,0
5738,1
5739,0
5740,0
5741,0
5742,0
5743,1
5744,0
5745,1
5746,0
5747,0
5748,1
5749,0
5750,0
5751,0
5752,0
5753,0
5754,0
5755,0
5756,0
5757,0
5758,0
5759,0
5760,0
5761,0
5762,0
5763,0
5764,0
5765,1
5766,1
5767,1
5768,0
5769,0
5770,0
5771,0
5772,1
5773,0
5774,1
5775,0
5776,0
5777,0
5778,0
5779,0
5780,0
5781,0
5782,1
5783,0
5784,0
5785,0
5786,0
5787,0
5788,1
5789,0
5790,0
5791,1
5792,1
5793,0
5794,1
5795,0
5796,0
5797,1
5798,0
5799,1
5800,0
5801,0
5802,1
5803,1
5804,0
5805,0
5806,0
5807,0
5808,0
5809,0
5810,0
5811,1
5812,0
5813,1
5814,0
5815,1
5816,0
5817,0
5818,0
5819,1
5820,1
5821,0
5822,0
5823,0
5824,0
5825,0
5826,0
5827,0
5828,0
5829,0
5830,0
5831,1
5832,1
5833,1
5834,0
5835,0
5836,0
5837,0
5838,0
5839,1
5840,1
5841,0
5842,0
5843,0
5844,0
5845,0
5846,0
5847,0
5848,0
5849,0
5850,0
5851,0
5852,0
5853,0
5854,0
5855,0
5856,1
5857,0
5858,0
5859,0
5860,0
5861,0
5862,1
5863,0
5864,0
5865,0
5866,0
5867,1
5868,0
5869,0
5870,0
5871,1
5872,0
5873,0
5874,0
5875,1
5876,1
5877,0
5878,0
5879,0
5880,0
5881,0
5882,1
5883,1
5884,0
5885,0
5886,0
5887,1
5888,0
5889,0
5890,0
5891,1
5892,0
5893,0
5894,0
5895,0
5896,0
5897,0
5898,0
5899,0
5900,0
5901,0
5902,0
5903,0
5904,0
5905,0
5906,0
5907,0
5908,1
5909,0
5910,0
5911,0
5912,0
5913,0
5914,0
5915,0
5916,0
5917,0
5918,0
5919,1
5920,0
5921,0
5922,0
5923,0
5924,1
5925,0
5926,0
5927,0
5928,0
5929,0
5930,0
5931,0
5932,0
5933,1
5934,1
5935,0
5936,0
5937,0
5938,0
5939,1
5940,0
5941,1
5942,0
5943,0
5944,0
5945,1
5946,0
5947,0
5948,0
5949,0
5950,1
5951,0
5952,1
5953,0
5954,0
5955,0
5956,0
5957,0
5958,0
5959,1
5960,0
5961,1
5962,1
5963,0
5964,0
5965,0
5966,0
5967,0
5968,0
5969,1
5970,0
5971,0
5972,0
5973,0
5974,1
5975,0
5976,1
5977,0
5978,0
5979,1
5980,0
5981,0
5982,0
5983,0
5984,0
5985,0
5986,0
5987,0
5988,0
5989,0
5990,0
5991,0
5992,0
5993,0
5994,0
5995,0
5996,0
5997,0
5998,0
5999,0
6000,0
6001,0
6002,0
6003,0
6004,0
6005,0
6006,0
6007,0
6008,0
6009,1
6010,0
6011,0
6012,0
6013,1
6014,0
6015,1
6016,0
6017,0
6018,0
6019,0
6020,1
6021,0
6022,0
6023,0
6024,1
6025,0
6026,0
6027,0
6028,0
6029,1
6030,0
6031,0
6032,0
6033,0
6034,0
6035,1
6036,0
6037,0
6038,1
6039,0
6040,0
6041,0
6042,0
6043,0
6044,0
6045,0
6046,0
6047,1
6048,0
6049,0
6050,0
6051,0
6052,1
6053,0
6054,0
6055,0
6056,0
6057,0
6058,1
6059,0
6060,1
6061,0
6062,0
6063,0
6064,0
6065,0
6066,0
6067,0
6068,0
6069,0
6070,0
6071,1
6072,0
6073,1
6074,0
6075,0
6076,0
6077,1
6078,0
6079,0
6080,0
6081,0
6082,0
6083,0
6084,0
6085,0
6086,0
6087,0
6088,0
6089,0
6090,1
6091,0
6092,0
6093,0
6094,0
6095,0
6096,0
6097,1
6098,0
6099,0
6100,0
6101,0
6102,0
6103,0
6104,1
6105,0
6106,0
6107,1
6108,0
6109,0
6110,0
6111,0
6112,0
6113,0
6114,1
6115,0
6116,1
6117,0
6118,0
6119,0
6120,0
6121,0
6122,0
6123,1
6124,0
6125,0
6126,0
6127,0
6128,1
6129,1
6130,0
6131,0
6132,0
6133,1
6134,0
6135,0
6136,0
6137,0
6138,0
6139,1
6140,1
6141,0
6142,0
6143,0
6144,0
6145,1
6146,0
6147,0
6148,0
6149,1
6150,0
6151,0
6152,0
6153,0
6154,0
6155,0
6156,1
6157,0
6158,0
6159,0
6160,0
6161,0
6162,1
6163,0
6164,0
6165,1
6166,0
6167,1
6168,0
6169,0
6170,0
6171,0
6172,0
6173,0
6174,1
6175,0
6176,0
6177,0
6178,1
6179,0
6180,0
6181,0
6182,0
6183,1
6184,0
6185,1
6186,0
6187,0
6188,0
6189,0
6190,0
6191,1
6192,0
6193,0
6194,0
6195,0
6196,0
6197,0
6198,1
6199,1
6200,0
6201,0
6202,0
6203,0
6204,0
6205,1
6206,0
6207,0
6208,0
6209,1
6210,0
6211,0
6212,0
6213,0
6214,0
6215,0
6216,0
6217,0
6218,0
6219,1
6220,0
6221,0
6222,0
6223,0
6224,1
6225,0
6226,0
6227,0
6228,0
6229,0
6230,1
6231,0
6232,0
6233,0
6234,0
6235,0
6236,0
6237,0
6238,0
6239,0
6240,0
6241,0
6242,1
6243,1
6244,0
6245,1
6246,0
6247,0
6248,1
6249,1
6250,0
6251,0
6252,0
6253,0
6254,0
6255,0
6256,0
6257,0
6258,0
6259,0
6260,0
6261,0
6262,0
6263,0
6264,0
6265,0
6266,0
6267,0
6268,0
6269,0
6270,0
6271,0
6272,0
6273,0
6274,0
6275,0
6276,0
6277,0
6278,0
6279,1
6280,1
6281,0
6282,0
6283,0
6284,0
6285,0
6286,0
6287,0
6288,1
6289,0
6290,0
6291,0
6292,1
6293,0
6294,0
6295,0
6296,1
6297,0
6298,0
6299,0
6300,0
6301,0
6302,1
6303,0
6304,0
6305,0
6306,0
6307,0
6308,0
6309,0
6310,0
6311,0
6312,1
6313,1
6314,0
6315,0
6316,0
6317,0
6318,1
6319,0
6320,0
6321,0
6322,0
6323,1
6324,0
6325,1
6326,0
6327,0
6328,1
6329,1
6330,1
6331,0
6332,0
6333,0
6334,1
6335,0
6336,0
6337,0
6338,0
6339,1
6340,1
6341,0
6342,0
6343,1
6344,0
6345,1
6346,0
6347,0
6348,0
6349,1
6350,1
6351,0
6352,1
6353,0
6354,0
6355,0
6356,0
6357,0
6358,1
6359,0
6360,1
6361,0
6362,1
6363,0
6364,0
6365,0
6366,0
6367,0
6368,0
6369,0
6370,0
6371,0
6372,1
6373,0
6374,0
6375,0
6376,0
6377,1
6378,0
6379,0
6380,0
6381,0
6382,0
6383,1
6384,0
6385,0
6386,0
6387,0
6388,0
6389,0
6390,0
6391,0
6392,0
6393,0
6394,1
6395,0
6396,0
6397,0
6398,1
6399,0
6400,0
6401,0
6402,1
6403,0
6404,0
6405,0
6406,0
6407,0
6408,0
6409,0
6410,0
6411,1
6412,0
6413,0
6414,0
6415,0
6416,0
6417,1
6418,1
6419,0
6420,0
6421,0
6422,0
6423,0
6424,1
6425,1
6426,0
6427,0
6428,0
6429,0
6430,1
6431,0
6432,0
6433,0
6434,0
6435,0
6436,1
6437,0
6438,0
6439,0
6440,0
6441,0
6442,0
6443,0
6444,0
6445,0
6446,0
6447,1
6448,0
6449,0
6450,0
6451,0
6452,0
6453,0
6454,0
6455,0
6456,0
6457,0
6458,1
6459,0
6460,0
6461,0
6462,0
6463,1
6464,1
6465,0
6466,1
6467,0
6468,1
6469,1
6470,0
6471,0
6472,1
6473,0
6474,0
6475,0
6476,0
6477,0
6478,1
6479,1
6480,1
6481,0
6482,1
6483,1
6484,0
6485,1
6486,0
6487,0
6488,0
6489,0
6490,0
6491,0
6492,0
6493,1
6494,0
6495,0
6496,0
6497,0
6498,0
6499,0
6500,0
6501,0
6502,0
6503,1
6504,0
6505,1
6506,0
6507,0
6508,0
6509,0
6510,1
6511,0
6512,0
6513,0
6514,1
6515,0
6516,1
6517,0
6518,1
6519,0
6520,0
6521,0
6522,0
6523,0
6524,1
6525,0
6526,0
6527,0
6528,0
6529,0
6530,0
6531,1
6532,0
6533,1
6534,0
6535,0
6536,1
6537,0
6538,0
6539,0
6540,0
6541,1
6542,0
6543,0
6544,1
6545,0
6546,0
6547,1
6548,0
6549,0
6550,0
6551,0
6552,0
6553,0
6554,0
6555,0
6556,0
6557,0
6558,0
6559,0
6560,1
6561,0
6562,0
6563,0
6564,0
6565,1
6566,0
6567,0
6568,0
6569,0
6570,0
6571,0
6572,0
6573,0
6574,0
6575,0
6576,0
6577,0
6578,0
6579,0
6580,1
6581,0
6582,0
6583,0
6584,0
6585,1
6586,1
6587,0
6588,1
6589,1
6590,0
6591,0
6592,0
6593,0
6594,0
6595,0
6596,0
6597,0
6598,0
6599,0
6600,1
6601,0
6602,1
6603,1
6604,0
6605,0
6606,0
6607,0
6608,0
6609,0
6610,0
6611,1
6612,0
6613,1
6614,0
6615,1
6616,0
6617,0
6618,0
6619,0
6620,0
6621,0
6622,1
6623,0
6624,0
6625,0
6626,0
6627,1
6628,0
6629,0
6630,0
6631,0
6632,1
6633,0
6634,0
6635,0
6636,0
6637,0
6638,0
6639,1
6640,0
6641,0
6642,0
6643,0
6644,0
6645,0
6646,0
6647,0
6648,0
6649,0
6650,0
6651,1
6652,0
6653,1
6654,0
6655,0
6656,0
6657,0
6658,0
6659,0
6660,1
6661,0
6662,0
6663,0
6664,1
6665,0
6666,0
6667,0
6668,0
6669,0
6670,0
6671,1
6672,0
6673,0
6674,0
6675,0
6676,1
6677,0
6678,1
6679,0
6680,0
6681,0
6682,0
6683,0
6684,0
6685,0
6686,0
6687,0
6688,0
6689,0
6690,0
6691,0
6692,0
6693,1
6694,0
6695,0
6696,1
6697,1
6698,0
6699,1
6700,0
6701,0
6702,0
6703,0
6704,0
6705,0
6706,0
6707,1
6708,0
6709,0
6710,0
6711,0
6712,0
6713,1
6714,1
6715,0
6716,0
6717,0
6718,0
6719,0
6720,0
6721,0
6722,1
6723,0
6724,0
6725,0
6726,0
6727,0
6728,0
6729,0
6730,0
6731,0
6732,0
6733,1
6734,0
6735,0
6736,0
6737,0
6738,0
6739,0
6740,0
6741,0
6742,1
6743,0
6744,0
6745,0
6746,0
6747,0
6748,0
6749,0
6750,0
6751,0
6752,0
6753,0
6754,0
6755,0
6756,0
6757,0
6758,1
6759,0
6760,0
6761,0
6762,1
6763,0
6764,0
6765,0
6766,0
6767,0
6768,1
6769,0
6770,0
6771,0
6772,0
6773,0
6774,0
6775,1
6776,0
6777,0
6778,0
6779,1
6780,0
6781,0
6782,1
6783,0
6784,0
6785,0
6786,0
6787,0
6788,0
6789,1
6790,1
6791,0
6792,0
6793,0
6794,0
6795,0
6796,0
6797,0
6798,0
6799,0
6800,1
6801,0
6802,0
6803,0
6804,0
6805,0
6806,0
6807,0
6808,0
6809,0
6810,1
6811,0
6812,0
6813,0
6814,0
6815,1
6816,1
6817,1
6818,0
6819,0
6820,0
6821,0
6822,0
6823,0
6824,0
6825,0
6826,1
6827,0
6828,0
6829,0
6830,0
6831,0
6832,0
6833,0
6834,0
6835,1
6836,1
6837,1
6838,0
6839,0
6840,0
6841,1
6842,0
6843,0
6844,0
6845,0
6846,0
6847,0
6848,0
6849,0
6850,0
6851,0
6852,0
6853,0
6854,1
6855,1
6856,0
6857,0
6858,0
6859,1
6860,0
6861,0
6862,1
6863,1
6864,0
6865,1
6866,0
6867,0
6868,0
6869,0
6870,0
6871,0
6872,0
6873,0
6874,0
6875,0
6876,0
6877,0
6878,1
6879,0
6880,0
6881,0
6882,0
6883,0
6884,0
6885,0
6886,0
6887,0
6888,0
6889,0
6890,1
6891,0
6892,0
6893,0
6894,0
6895,0
6896,0
6897,0
6898,0
6899,0
6900,0
6901,0
6902,0
6903,0
6904,0
6905,1
6906,0
6907,1
6908,1
6909,0
6910,0
6911,0
6912,0
6913,0
6914,0
6915,0
6916,0
6917,1
6918,1
6919,1
6920,0
6921,0
6922,0
6923,0
6924,0
6925,0
6926,1
6927,0
6928,1
6929,0
6930,0
6931,0
6932,0
6933,0
6934,0
6935,0
6936,0
6937,1
6938,0
6939,0
6940,1
6941,1
6942,0
6943,1
6944,0
6945,0
6946,0
6947,0
6948,0
6949,0
6950,0
6951,0
6952,0
6953,0
6954,0
6955,0
6956,0
6957,1
6958,0
6959,0
6960,0
6961,1
6962,0
6963,0
6964,0
6965,0
6966,1
6967,0
6968,1
6969,0
6970,0
6971,0
6972,0
6973,0
6974,1
6975,0
6976,1
6977,0
6978,0
6979,0
6980,0
6981,0
6982,1
6983,0
6984,1
6985,0
6986,1
6987,1
6988,0
6989,0
6990,0
6991,0
6992,0
6993,0
6994,0
6995,0
6996,0
6997,0
6998,0
6999,1
7000,1
7001,0
7002,0
7003,0
7004,0
7005,1
7006,0
7007,0
7008,0
7009,0
7010,1
7011,0
7012,0
7013,0
7014,0
7015,0
7016,0
7017,0
7018,0
7019,0
7020,0
7021,0
7022,0
7023,0
7024,0
7025,1
7026,0
7027,0
7028,0
7029,0
7030,1
7031,0
7032,0
7033,0
7034,0
7035,0
7036,0
7037,0
7038,0
7039,0
7040,1
7041,0
7042,0
7043,0
7044,1
7045,0
7046,0
7047,1
7048,1
7049,0
7050,0
7051,0
7052,0
7053,0
7054,0
7055,0
7056,0
7057,0
7058,0
7059,0
7060,0
7061,0
7062,1
7063,0
7064,0
7065,0
7066,0
7067,0
7068,0
7069,0
7070,0
7071,0
7072,0
7073,0
7074,0
7075,1
7076,0
7077,0
7078,0
7079,0
7080,1
7081,0
7082,0
7083,0
7084,0
7085,0
7086,0
7087,0
7088,1
7089,1
7090,0
7091,1
7092,1
7093,0
7094,0
7095,0
7096,0
7097,1
7098,0
7099,0
7100,0
7101,0
7102,0
7103,0
7104,0
7105,0
7106,0
7107,0
7108,0
7109,0
7110,0
7111,0
7112,0
7113,0
7114,0
7115,0
7116,1
7117,1
7118,1
7119,0
7120,1
7121,0
7122,0
7123,0
7124,1
7125,0
7126,0
7127,1
7128,0
7129,0
7130,0
7131,1
7132,0
7133,0
7134,0
7135,0
7136,0
7137,0
7138,0
7139,0
7140,0
7141,1
7142,0
7143,0
7144,0
7145,1
7146,0
7147,1
7148,0
7149,0
7150,0
7151,0
7152,0
7153,0
7154,0
7155,0
7156,0
7157,0
7158,1
7159,0
7160,0
7161,0
7162,1
7163,0
7164,0
7165,0
7166,0
7167,0
7168,0
7169,1
7170,1
7171,0
7172,0
7173,0
7174,0
7175,0
7176,1
7177,1
7178,0
7179,1
7180,0
7181,0
7182,0
7183,0
7184,0
7185,0
7186,1
7187,0
7188,1
7189,0
7190,0
7191,0
7192,0
7193,0
7194,0
7195,0
7196,0
7197,0
7198,0
7199,0
7200,0
7201,0
7202,0
7203,0
7204,0
7205,0
7206,0
7207,0
7208,0
7209,0
7210,0
7211,0
7212,0
7213,0
7214,0
7215,0
7216,0
7217,0
7218,1
7219,0
7220,0
7221,0
7222,0
7223,1
7224,0
7225,0
7226,1
7227,1
7228,0
7229,1
7230,0
7231,0
7232,0
7233,0
7234,0
7235,1
7236,0
7237,0
7238,0
7239,0
7240,0
7241,0
7242,0
7243,0
7244,0
7245,0
7246,0
7247,0
7248,1
7249,0
7250,0
7251,0
7252,0
7253,0
7254,0
7255,1
7256,1
7257,0
7258,0
7259,0
7260,0
7261,0
7262,0
7263,0
7264,0
7265,0
7266,0
7267,0
7268,0
7269,0
7270,0
7271,0
7272,0
7273,0
7274,0
7275,0
7276,0
7277,0
7278,0
7279,0
7280,0
7281,1
7282,0
7283,0
7284,0
7285,0
7286,1
7287,0
7288,0
7289,0
7290,0
7291,0
7292,0
7293,0
7294,0
7295,0
7296,0
7297,1
7298,0
7299,1
7300,0
7301,0
7302,1
7303,0
7304,0
7305,1
7306,1
7307,0
7308,0
7309,0
7310,0
7311,0
7312,0
7313,0
7314,0
7315,1
7316,0
7317,0
7318,0
7319,0
7320,0
7321,0
7322,0
7323,0
7324,1
7325,0
7326,0
7327,0
7328,0
7329,0
7330,0
7331,0
7332,0
7333,0
7334,0
7335,0
7336,1
7337,0
7338,0
7339,0
7340,0
7341,0
7342,0
7343,1
7344,0
7345,0
7346,0
7347,1
7348,1
7349,0
7350,0
7351,0
7352,0
7353,0
7354,0
7355,0
7356,0
7357,1
7358,0
7359,0
7360,1
7361,1
7362,0
7363,0
7364,0
7365,1
7366,1
7367,1
7368,0
7369,0
7370,1
7371,0
7372,0
7373,0
7374,1
7375,0
7376,0
7377,0
7378,0
7379,0
7380,0
7381,0
7382,1
7383,0
7384,1
7385,1
7386,1
7387,0
7388,1
7389,0
7390,0
7391,0
7392,1
7393,0
7394,0
7395,0
7396,0
7397,0
7398,0
7399,0
7400,0
7401,0
7402,0
7403,1
7404,0
7405,1
7406,0
7407,0
7408,0
7409,0
7410,0
7411,0
7412,0
7413,0
7414,1
7415,0
7416,0
7417,1
7418,0
7419,0
7420,1
7421,0
7422,0
7423,0
7424,0
7425,0
7426,0
7427,0
7428,1
7429,1
7430,0
7431,1
7432,0
7433,0
7434,0
7435,0
7436,0
7437,0
7438,0
7439,0
7440,0
7441,0
7442,0
7443,0
7444,0
7445,0
7446,0
7447,0
7448,0
7449,0
7450,1
7451,0
7452,0
7453,0
7454,0
7455,0
7456,1
7457,0
7458,0
7459,0
7460,0
7461,1
7462,0
7463,0
7464,0
7465,0
7466,0
7467,0
7468,0
7469,0
7470,0
7471,0
7472,1
7473,0
7474,1
7475,0
7476,0
7477,0
7478,1
7479,0
7480,0
7481,0
7482,0
7483,0
7484,0
7485,0
7486,0
7487,0
7488,0
7489,0
7490,1
7491,1
7492,0
7493,0
7494,1
7495,0
7496,0
7497,0
7498,0
7499,1
7500,0
7501,0
7502,0
7503,0
7504,0
7505,1
7506,0
7507,0
7508,1
7509,0
7510,1
7511,1
7512,0
7513,1
7514,0
7515,1
7516,0
7517,1
7518,0
7519,1
7520,0
7521,0
7522,0
7523,0
7524,1
7525,0
7526,0
7527,0
7528,0
7529,1
7530,0
7531,0
7532,0
7533,0
7534,1
7535,0
7536,0
7537,0
7538,0
7539,0
7540,0
7541,0
7542,0
7543,0
7544,0
7545,0
7546,1
7547,0
7548,0
7549,0
7550,0
7551,1
7552,1
7553,1
7554,0
7555,0
7556,1
7557,0
7558,0
7559,0
7560,0
7561,0
7562,0
7563,1
7564,0
7565,0
7566,0
7567,0
7568,1
7569,0
7570,0
7571,0
7572,0
7573,0
7574,0
7575,0
7576,0
7577,1
7578,1
7579,1
7580,0
7581,0
7582,0
7583,0
7584,0
7585,0
7586,0
7587,0
7588,0
7589,0
7590,0
7591,0
7592,0
7593,0
7594,0
7595,0
7596,0
7597,0
7598,0
7599,0
7600,0
7601,0
7602,1
7603,0
7604,1
7605,0
7606,1
7607,1
7608,0
7609,0
7610,1
7611,0
7612,0
7613,0
7614,0
7615,1
7616,0
7617,1
7618,0
7619,0
7620,0
7621,0
7622,0
7623,0
7624,0
7625,1
7626,0
7627,0
7628,0
7629,0
7630,0
7631,0
7632,0
7633,1
7634,0
7635,1
7636,0
7637,1
7638,0
7639,1
7640,0
7641,0
7642,0
7643,0
7644,1
7645,0
7646,0
7647,1
7648,0
7649,0
7650,0
7651,1
7652,0
7653,1
7654,0
7655,1
7656,1
7657,0
7658,1
7659,0
7660,1
7661,0
7662,0
7663,0
7664,0
7665,0
7666,0
7667,0
7668,0
7669,0
7670,0
7671,0
7672,0
7673,0
7674,0
7675,0
7676,0
7677,0
7678,0
7679,0
7680,0
7681,0
7682,1
7683,1
7684,0
7685,0
7686,0
7687,1
7688,0
7689,1
7690,0
7691,0
7692,0
7693,0
7694,0
7695,0
7696,0
7697,0
7698,0
7699,0
7700,0
7701,0
7702,0
7703,0
7704,1
7705,0
7706,0
7707,0
7708,0
7709,0
7710,0
7711,0
7712,1
7713,0
7714,0
7715,0
7716,0
7717,0
7718,0
7719,0
7720,0
7721,0
7722,0
7723,0
7724,1
7725,0
7726,1
7727,0
7728,1
7729,0
7730,1
7731,1
7732,0
7733,0
7734,0
7735,0
7736,0
7737,0
7738,0
7739,0
7740,0
7741,0
7742,1
7743,0
7744,0
7745,0
7746,0
7747,1
7748,0
7749,0
7750,1
7751,0
7752,0
7753,0
7754,0
7755,0
7756,1
7757,0
7758,0
7759,0
7760,0
7761,0
7762,0
7763,0
7764,1
7765,1
7766,0
7767,0
7768,0
7769,0
7770,0
7771,0
7772,0
7773,0
7774,0
7775,0
7776,0
7777,0
7778,0
7779,0
7780,0
7781,0
7782,0
7783,0
7784,0
7785,0
7786,0
7787,0
7788,0
7789,0
7790,0
7791,1
7792,0
7793,0
7794,0
7795,0
7796,0
7797,1
7798,0
7799,0
7800,0
7801,0
7802,0
7803,0
7804,1
7805,1
7806,1
7807,1
7808,0
7809,0
7810,0
7811,0
7812,0
7813,1
7814,0
7815,0
7816,0
7817,0
7818,0
7819,0
7820,1
7821,0
7822,1
7823,0
7824,1
7825,0
7826,0
7827,0
7828,0
7829,1
7830,0
7831,0
7832,0
7833,0
7834,0
7835,0
7836,0
7837,0
7838,0
7839,0
7840,0
7841,0
7842,0
7843,0
7844,0
7845,0
7846,0
7847,0
7848,0
7849,0
7850,0
7851,0
7852,0
7853,0
7854,1
7855,1
7856,0
7857,0
7858,1
7859,0
7860,0
7861,0
7862,0
7863,0
7864,0
7865,0
7866,1
7867,0
7868,0
7869,0
7870,0
7871,0
7872,0
7873,0
7874,0
7875,0
7876,1
7877,0
7878,0
7879,0
7880,0
7881,0
7882,1
7883,0
7884,0
7885,0
7886,0
7887,0
7888,0
7889,1
7890,0
7891,0
7892,1
7893,0
7894,1
7895,0
7896,0
7897,0
7898,0
7899,0
7900,0
7901,0
7902,0
7903,0
7904,0
7905,1
7906,0
7907,0
7908,0
7909,1
7910,0
7911,1
7912,1
7913,0
7914,0
7915,1
7916,0
7917,0
7918,0
7919,0
7920,0
7921,0
7922,0
7923,0
7924,0
7925,0
7926,0
7927,0
7928,0
7929,0
7930,1
7931,0
7932,0
7933,0
7934,1
7935,0
7936,0
7937,0
7938,0
7939,0
7940,0
7941,0
7942,0
7943,0
7944,0
7945,0
7946,0
7947,0
7948,0
7949,0
7950,0
7951,0
7952,0
7953,1
7954,0
7955,0
7956,1
7957,1
7958,0
7959,0
7960,1
7961,0
7962,0
7963,1
7964,1
7965,0
7966,0
7967,0
7968,0
7969,0
7970,0
7971,0
7972,1
7973,0
7974,0
7975,0
7976,0
7977,1
7978,0
7979,0
7980,0
7981,0
7982,0
7983,0
7984,0
7985,1
7986,0
7987,0
7988,0
7989,0
7990,0
7991,0
7992,1
7993,1
7994,0
7995,0
7996,0
7997,0
7998,0
7999,1
8000,0
8001,0
8002,0
8003,1
8004,0
8005,0
8006,0
8007,1
8008,0
8009,0
8010,0
8011,0
8012,0
8013,0
8014,0
8015,0
8016,0
8017,0
8018,0
8019,0
8020,1
8021,0
8022,0
8023,1
8024,0
8025,0
8026,0
8027,0
8028,0
8029,0
8030,1
8031,1
8032,1
8033,0
8034,0
8035,0
8036,0
8037,1
8038,0
8039,0
8040,1
8041,0
8042,0
8043,0
8044,0
8045,1
8046,0
8047,0
8048,0
8049,1
8050,1
8051,0
8052,1
8053,0
8054,0
8055,0
8056,0
8057,1
8058,0
8059,0
8060,0
8061,0
8062,0
8063,1
8064,0
8065,1
8066,0
8067,0
8068,1
8069,0
8070,1
8071,0
8072,0
8073,1
8074,0
8075,0
8076,1
8077,0
8078,0
8079,0
8080,0
8081,0
8082,0
8083,0
8084,0
8085,0
8086,0
8087,0
8088,1
8089,0
8090,1
8091,0
8092,0
8093,0
8094,0
8095,0
8096,0
8097,1
8098,0
8099,0
8100,0
8101,0
8102,0
8103,0
8104,0
8105,0
8106,0
8107,0
8108,0
8109,0
8110,0
8111,0
8112,0
8113,0
8114,0
8115,0
8116,0
8117,0
8118,0
8119,1
8120,0
8121,0
8122,0
8123,0
8124,0
8125,0
8126,0
8127,0
8128,0
8129,0
8130,0
8131,1
8132,0
8133,0
8134,1
8135,0
8136,0
8137,0
8138,0
8139,0
8140,1
8141,0
8142,0
8143,1
8144,0
8145,1
8146,0
8147,0
8148,0
8149,0
8150,0
8151,0
8152,0
8153,0
8154,0
8155,0
8156,0
8157,0
8158,0
8159,0
8160,0
8161,0
8162,0
8163,0
8164,0
8165,0
8166,0
8167,1
8168,1
8169,0
8170,0
8171,0
8172,0
8173,0
8174,1
8175,0
8176,1
8177,0
8178,1
8179,0
8180,0
8181,0
8182,0
8183,1
8184,0
8185,1
8186,0
8187,0
8188,1
8189,0
8190,0
8191,0
8192,0
8193,0
8194,0
8195,0
8196,1
8197,0
8198,0
8199,0
8200,0
8201,0
8202,1
8203,0
8204,0
8205,0
8206,0
8207,0
8208,0
8209,0
8210,1
8211,0
8212,0
8213,0
8214,0
8215,1
8216,1
8217,0
8218,0
8219,0
8220,0
8221,0
8222,1
8223,0
8224,0
8225,0
8226,1
8227,0
8228,0
8229,0
8230,0
8231,0
8232,0
8233,0
8234,1
8235,0
8236,0
8237,1
8238,1
8239,0
8240,0
8241,0
8242,0
8243,0
8244,0
8245,1
8246,0
8247,0
8248,0
8249,0
8250,0
8251,0
8252,0
8253,1
8254,0
8255,1
8256,0
8257,1
8258,0
8259,0
8260,0
8261,0
8262,0
8263,0
8264,0
8265,0
8266,1
8267,0
8268,1
8269,0
8270,1
8271,0
8272,0
8273,0
8274,0
8275,0
8276,0
8277,1
8278,0
8279,0
8280,0
8281,0
8282,0
8283,0
8284,1
8285,0
8286,0
8287,1
8288,0
8289,0
8290,0
8291,0
8292,1
8293,0
8294,0
8295,0
8296,0
8297,0
8298,0
8299,0
8300,1
8301,0
8302,0
8303,0
8304,0
8305,0
8306,1
8307,0
8308,0
8309,0
8310,0
8311,0
8312,1
8313,0
8314,0
8315,0
8316,0
8317,1
8318,0
8319,0
8320,1
8321,0
8322,1
8323,0
8324,0
8325,0
8326,0
8327,0
8328,1
8329,0
8330,1
8331,0
8332,1
8333,0
8334,1
8335,0
8336,0
8337,0
8338,0
8339,1
8340,1
8341,0
8342,0
8343,1
8344,0
8345,0
8346,0
8347,0
8348,0
8349,1
8350,0
8351,0
8352,0
8353,0
8354,1
8355,0
8356,0
8357,0
8358,1
8359,0
8360,0
8361,0
8362,0
8363,0
8364,0
8365,0
8366,0
8367,1
8368,0
8369,1
8370,1
8371,0
8372,0
8373,0
8374,1
8375,0
8376,0
8377,1
8378,0
8379,0
8380,0
8381,0
8382,0
8383,0
8384,0
8385,0
8386,0
8387,0
8388,0
8389,0
8390,0
8391,0
8392,0
8393,0
8394,0
8395,1
8396,0
8397,0
8398,0
8399,1
8400,1
8401,1
8402,0
8403,0
8404,0
8405,0
8406,0
8407,0
8408,0
8409,0
8410,1
8411,0
8412,1
8413,1
8414,0
8415,0
8416,0
8417,0
8418,0
8419,0
8420,0
8421,0
8422,0
8423,0
8424,0
8425,1
8426,0
8427,0
8428,0
8429,0
8430,1
8431,0
8432,0
8433,0
8434,1
8435,0
8436,0
8437,1
8438,0
8439,1
8440,1
8441,0
8442,1
8443,0
8444,0
8445,0
8446,0
8447,0
8448,0
8449,1
8450,1
8451,0
8452,0
8453,0
8454,0
8455,0
8456,0
8457,0
8458,0
8459,0
8460,0
8461,0
8462,0
8463,0
8464,1
8465,0
8466,0
8467,0
8468,0
8469,0
8470,0
8471,0
8472,0
8473,0
8474,0
8475,0
8476,0
8477,0
8478,0
8479,0
8480,0
8481,0
8482,0
8483,0
8484,1
8485,0
8486,0
8487,0
8488,0
8489,1
8490,1
8491,0
8492,0
8493,0
8494,0
8495,0
8496,0
8497,0
8498,0
8499,0
8500,1
8501,0
8502,1
8503,0
8504,0
8505,1
8506,0
8507,0
8508,1
8509,0
8510,0
8511,1
8512,0
8513,1
8514,0
8515,1
8516,1
8517,1
8518,0
8519,0
8520,1
8521,0
8522,0
8523,0
8524,1
8525,0
8526,0
8527,1
8528,0
8529,0
8530,0
8531,0
8532,0
8533,1
8534,0
8535,0
8536,0
8537,0
8538,0
8539,1
8540,0
8541,0
8542,0
8543,0
8544,0
8545,0
8546,0
8547,0
8548,0
8549,0
8550,0
8551,1
8552,0
8553,0
8554,0
8555,0
8556,0
8557,0
8558,0
8559,0
8560,0
8561,0
8562,0
8563,0
8564,0
8565,0
8566,0
8567,0
8568,0
8569,0
8570,0
8571,0
8572,1
8573,1
8574,1
8575,0
8576,0
8577,0
8578,0
8579,0
8580,0
8581,0
8582,0
8583,0
8584,1
8585,0
8586,0
8587,0
8588,0
8589,0
8590,0
8591,0
8592,1
8593,0
8594,0
8595,0
8596,0
8597,1
8598,0
8599,1
8600,0
8601,0
8602,1
8603,0
8604,1
8605,0
8606,0
8607,0
8608,0
8609,0
8610,0
8611,1
8612,0
8613,0
8614,0
8615,1
8616,0
8617,1
8618,0
8619,0
8620,0
8621,0
8622,0
8623,0
8624,0
8625,0
8626,0
8627,0
8628,0
8629,0
8630,0
8631,1
8632,1
8633,1
8634,1
8635,0
8636,0
8637,0
8638,0
8639,0
8640,0
8641,0
8642,0
8643,1
8644,0
8645,0
8646,0
8647,0
8648,0
8649,0
8650,0
8651,1
8652,0
8653,0
8654,1
8655,1
8656,0
8657,0
8658,0
8659,0
8660,0
8661,0
8662,0
8663,0
8664,0
8665,0
8666,0
8667,1
8668,0
8669,1
8670,0
8671,0
8672,0
8673,0
8674,0
8675,0
8676,1
8677,1
8678,0
8679,0
8680,1
8681,1
8682,0
8683,0
8684,0
8685,0
8686,0
8687,0
8688,0
8689,0
8690,0
8691,0
8692,0
8693,0
8694,0
8695,0
8696,0
8697,0
8698,0
8699,0
8700,0
8701,0
8702,0
8703,0
8704,0
8705,0
8706,1
8707,1
8708,0
8709,0
8710,0
8711,0
8712,1
8713,0
8714,0
8715,0
8716,1
8717,1
8718,0
8719,0
8720,0
8721,0
8722,0
8723,0
8724,0
8725,0
8726,0
8727,0
8728,0
8729,0
8730,0
8731,0
8732,0
8733,0
8734,0
8735,1
8736,0
8737,0
8738,0
8739,1
8740,0
8741,1
8742,0
8743,1
8744,0
8745,0
8746,0
8747,1
8748,0
8749,0
8750,0
8751,0
8752,0
8753,0
8754,0
8755,0
8756,1
8757,0
8758,1
8759,0
8760,1
8761,0
8762,0
8763,0
8764,0
8765,0
8766,0
8767,0
8768,0
8769,0
8770,0
8771,0
8772,0
8773,0
8774,0
8775,0
8776,0
8777,1
8778,1
8779,0
8780,0
8781,0
8782,0
8783,1
8784,0
8785,0
8786,0
8787,0
8788,1
8789,1
8790,0
8791,0
8792,0
8793,0
8794,1
8795,0
8796,0
8797,0
8798,0
8799,0
8800,0
8801,0
8802,1
8803,0
8804,0
8805,0
8806,0
8807,0
8808,0
8809,0
8810,0
8811,0
8812,0
8813,0
8814,0
8815,0
8816,1
8817,0
8818,1
8819,0
8820,0
8821,0
8822,0
8823,0
8824,0
8825,1
8826,0
8827,0
8828,1
8829,0
8830,0
8831,0
8832,0
8833,0
8834,0
8835,0
8836,0
8837,0
8838,0
8839,0
8840,0
8841,1
8842,0
8843,0
8844,0
8845,0
8846,0
8847,1
8848,0
8849,0
8850,0
8851,1
8852,0
8853,0
8854,0
8855,0
8856,1
8857,1
8858,0
8859,0
8860,1
8861,1
8862,1
8863,0
8864,0
8865,0
8866,1
8867,0
8868,0
8869,1
8870,0
8871,0
8872,1
8873,0
8874,0
8875,0
8876,0
8877,1
8878,1
8879,0
8880,0
8881,0
8882,0
8883,0
8884,1
8885,0
8886,1
8887,0
8888,0
8889,0
8890,0
8891,0
8892,0
8893,0
8894,1
8895,1
8896,1
8897,0
8898,0
8899,0
8900,1
8901,0
8902,0
8903,0
8904,0
8905,0
8906,0
8907,0
8908,0
8909,0
8910,0
8911,0
8912,0
8913,0
8914,1
8915,0
8916,1
8917,0
8918,0
8919,1
8920,0
8921,0
8922,0
8923,0
8924,0
8925,1
8926,0
8927,1
8928,0
8929,0
8930,0
8931,0
8932,0
8933,0
8934,0
8935,0
8936,0
8937,1
8938,0
8939,0
8940,0
8941,0
8942,1
8943,0
8944,0
8945,0
8946,1
8947,1
8948,0
8949,0
8950,0
8951,1
8952,0
8953,0
8954,0
8955,0
8956,0
8957,0
8958,1
8959,0
8960,1
8961,1
8962,0
8963,0
8964,0
8965,0
8966,0
8967,0
8968,0
8969,0
8970,0
8971,1
8972,0
8973,0
8974,0
8975,0
8976,0
8977,0
8978,0
8979,0
8980,0
8981,1
8982,0
8983,0
8984,0
8985,0
8986,0
8987,0
8988,0
8989,0
8990,0
8991,0
8992,0
8993,0
8994,0
8995,0
8996,0
8997,1
8998,0
8999,0
9000,1
9001,0
9002,0
9003,1
9004,0
9005,0
9006,0
9007,1
9008,0
9009,0
9010,1
9011,0
9012,0
9013,0
9014,0
9015,0
9016,0
9017,0
9018,0
9019,0
9020,0
9021,1
9022,0
9023,0
9024,0
9025,0
9026,0
9027,0
9028,0
9029,1
9030,1
9031,0
9032,0
9033,0
9034,0
9035,0
9036,0
9037,0
9038,0
9039,1
9040,0
9041,0
9042,1
9043,0
9044,0
9045,0
9046,0
9047,1
9048,0
9049,0
9050,0
9051,0
9052,0
9053,0
9054,0
9055,0
9056,0
9057,0
9058,0
9059,0
9060,0
9061,0
9062,0
9063,0
9064,0
9065,0
9066,0
9067,0
9068,0
9069,1
9070,0
9071,0
9072,0
9073,1
9074,0
9075,1
9076,0
9077,0
9078,0
9079,0
9080,0
9081,0
9082,0
9083,0
9084,0
9085,0
9086,0
9087,0
9088,1
9089,0
9090,0
9091,0
9092,0
9093,0
9094,1
9095,0
9096,0
9097,1
9098,1
9099,0
9100,1
9101,0
9102,0
9103,0
9104,0
9105,0
9106,0
9107,0
9108,0
9109,1
9110,0
9111,0
9112,0
9113,1
9114,0
9115,0
9116,0
9117,0
9118,0
9119,0
9120,0
9121,1
9122,0
9123,0
9124,0
9125,0
9126,0
9127,0
9128,0
9129,0
9130,0
9131,0
9132,1
9133,0
9134,0
9135,0
9136,0
9137,0
9138,0
9139,1
9140,0
9141,0
9142,0
9143,0
9144,0
9145,0
9146,0
9147,0
9148,0
9149,0
9150,0
9151,0
9152,1
9153,0
9154,0
9155,0
9156,1
9157,0
9158,0
9159,1
9160,0
9161,0
9162,0
9163,0
9164,0
9165,0
9166,0
9167,0
9168,1
9169,0
9170,0
9171,1
9172,1
9173,0
9174,0
9175,0
9176,0
9177,0
9178,0
9179,0
9180,0
9181,0
9182,0
9183,1
9184,0
9185,0
9186,1
9187,1
9188,1
9189,0
9190,1
9191,1
9192,0
9193,1
9194,1
9195,1
9196,0
9197,0
9198,0
9199,0
9200,1
9201,1
9202,0
9203,1
9204,0
9205,1
9206,1
9207,1
9208,0
9209,1
9210,0
9211,1
9212,0
9213,0
9214,0
9215,0
9216,0
9217,1
9218,0
9219,1
9220,0
9221,0
9222,0
9223,0
9224,0
9225,1
9226,0
9227,0
9228,1
9229,0
9230,1
9231,0
9232,0
9233,0
9234,0
9235,0
9236,0
9237,0
9238,1
9239,0
9240,0
9241,0
9242,1
9243,0
9244,0
9245,0
9246,1
9247,1
9248,0
9249,1
9250,0
9251,0
9252,0
9253,0
9254,0
9255,0
9256,0
9257,1
9258,0
9259,1
9260,0
9261,0
9262,1
9263,0
9264,0
9265,0
9266,0
9267,0
9268,0
9269,0
9270,0
9271,0
9272,1
9273,0
9274,0
9275,1
9276,0
9277,0
9278,0
9279,0
9280,1
9281,0
9282,0
9283,0
9284,0
9285,0
9286,0
9287,0
9288,0
9289,0
9290,0
9291,0
9292,0
9293,0
9294,0
9295,0
9296,0
9297,0
9298,0
9299,1
9300,1
9301,0
9302,0
9303,0
9304,0
9305,0
9306,0
9307,0
9308,1
9309,0
9310,0
9311,0
9312,0
9313,0
9314,1
9315,0
9316,0
9317,0
9318,1
9319,0
9320,0
9321,1
9322,0
9323,0
9324,0
9325,0
9326,1
9327,0
9328,0
9329,0
9330,0
9331,1
9332,1
9333,0
9334,1
9335,0
9336,1
9337,0
9338,0
9339,0
9340,1
9341,0
9342,0
9343,0
9344,1
9345,0
9346,0
9347,0
9348,1
9349,0
9350,0
9351,1
9352,0
9353,1
9354,1
9355,0
9356,0
9357,0
9358,0
9359,0
9360,0
9361,0
9362,0
9363,0
9364,0
9365,0
9366,0
9367,0
9368,0
9369,0
9370,0
9371,0
9372,1
9373,0
9374,0
9375,0
9376,1
9377,0
9378,0
9379,1
9380,0
9381,0
9382,0
9383,0
9384,1
9385,0
9386,1
9387,0
9388,0
9389,0
9390,0
9391,0
9392,1
9393,0
9394,0
9395,0
9396,0
9397,1
9398,0
9399,0
9400,0
9401,0
9402,0
9403,0
9404,0
9405,1
9406,0
9407,1
9408,0
9409,0
9410,0
9411,0
9412,0
9413,1
9414,0
9415,0
9416,0
9417,0
9418,0
9419,1
9420,0
9421,0
9422,1
9423,0
9424,0
9425,0
9426,0
9427,0
9428,0
9429,0
9430,0
9431,1
9432,0
9433,0
9434,0
9435,0
9436,0
9437,1
9438,0
9439,0
9440,0
9441,0
9442,0
9443,0
9444,0
9445,0
9446,0
9447,0
9448,0
9449,0
9450,1
9451,0
9452,1
9453,1
9454,0
9455,0
9456,1
9457,0
9458,0
9459,0
9460,1
9461,0
9462,0
9463,1
9464,0
9465,1
9466,0
9467,0
9468,0
9469,0
9470,0
9471,1
9472,0
9473,0
9474,0
9475,1
9476,0
9477,0
9478,1
9479,0
9480,0
9481,0
9482,0
9483,1
9484,0
9485,0
9486,0
9487,0
9488,1
9489,1
9490,0
9491,0
9492,0
9493,0
9494,0
9495,0
9496,0
9497,1
9498,0
9499,0
9500,0
9501,0
9502,0
9503,0
9504,0
9505,0
9506,1
9507,0
9508,0
9509,0
9510,0
9511,1
9512,0
9513,0
9514,0
9515,0
9516,1
9517,0
9518,0
9519,0
9520,1
9521,1
9522,1
9523,0
9524,0
9525,0
9526,1
9527,0
9528,0
9529,0
9530,0
9531,0
9532,0
9533,0
9534,0
9535,0
9536,0
9537,0
9538,0
9539,0
9540,0
9541,1
9542,0
9543,0
9544,0
9545,1
9546,0
9547,0
9548,0
9549,0
9550,0
9551,0
9552,0
9553,0
9554,0
9555,0
9556,0
9557,0
9558,0
9559,0
9560,0
9561,0
9562,0
9563,1
9564,0
9565,1
9566,0
9567,1
9568,0
9569,1
9570,0
9571,1
9572,0
9573,1
9574,0
9575,1
9576,0
9577,1
9578,1
9579,0
9580,0
9581,0
9582,0
9583,0
9584,0
9585,0
9586,0
9587,1
9588,0
9589,0
9590,1
9591,0
9592,0
9593,0
9594,0
9595,0
9596,0
9597,0
9598,0
9599,0
9600,0
9601,0
9602,0
9603,0
9604,0
9605,0
9606,0
9607,1
9608,0
9609,0
9610,0
9611,0
9612,0
9613,0
9614,0
9615,0
9616,1
9617,1
9618,1
9619,0
9620,1
9621,1
9622,0
9623,0
9624,0
9625,0
9626,0
9627,0
9628,0
9629,0
9630,0
9631,0
9632,1
9633,1
9634,0
9635,0
9636,0
9637,0
9638,0
9639,0
9640,0
9641,0
9642,1
9643,0
9644,0
9645,0
9646,0
9647,0
9648,0
9649,0
9650,0
9651,0
9652,0
9653,0
9654,0
9655,0
9656,0
9657,0
9658,0
9659,0
9660,1
9661,0
9662,1
9663,1
9664,0
9665,0
9666,0
9667,1
9668,0
9669,1
9670,0
9671,0
9672,1
9673,0
9674,0
9675,0
9676,0
9677,1
9678,0
9679,0
9680,0
9681,0
9682,1
9683,0
9684,0
9685,0
9686,0
9687,0
9688,0
9689,0
9690,0
9691,0
9692,0
9693,0
9694,0
9695,0
9696,0
9697,0
9698,1
9699,1
9700,0
9701,0
9702,1
9703,0
9704,0
9705,1
9706,0
9707,0
9708,0
9709,0
9710,0
9711,0
9712,0
9713,0
9714,1
9715,0
9716,0
9717,0
9718,0
9719,0
9720,0
9721,0
9722,1
9723,0
9724,0
9725,0
9726,0
9727,1
9728,1
9729,0
9730,0
9731,1
9732,0
9733,0
9734,0
9735,0
9736,0
9737,0
9738,1
9739,0
9740,0
9741,1
9742,0
9743,0
9744,0
9745,0
9746,0
9747,0
9748,0
9749,0
9750,1
9751,0
9752,1
9753,0
9754,0
9755,0
9756,0
9757,0
9758,0
9759,0
9760,0
9761,0
9762,0
9763,0
9764,0
9765,0
9766,0
9767,0
9768,0
9769,0
9770,0
9771,0
9772,0
9773,1
9774,0
9775,0
9776,0
9777,0
9778,0
9779,0
9780,0
9781,1
9782,1
9783,1
9784,0
9785,0
9786,1
9787,0
9788,1
9789,0
9790,0
9791,0
9792,0
9793,1
9794,0
9795,0
9796,1
9797,1
9798,0
9799,0
9800,0
9801,0
9802,0
9803,0
9804,0
9805,0
9806,0
9807,0
9808,0
9809,0
9810,0
9811,0
9812,0
9813,0
9814,1
9815,0
9816,1
9817,0
9818,0
9819,1
9820,0
9821,0
9822,0
9823,0
9824,0
9825,0
9826,0
9827,0
9828,0
9829,0
9830,0
9831,1
9832,0
9833,0
9834,0
9835,0
9836,0
9837,0
9838,0
9839,0
9840,0
9841,0
9842,0
9843,1
9844,0
9845,0
9846,0
9847,0
9848,1
9849,0
9850,0
9851,1
9852,0
9853,0
9854,0
9855,1
9856,0
9857,0
9858,0
9859,0
9860,0
9861,0
9862,0
9863,0
9864,1
9865,0
9866,0
9867,0
9868,1
9869,0
9870,0
9871,0
9872,1
9873,0
9874,1
9875,1
9876,0
9877,0
9878,1
9879,0
9880,0
9881,0
9882,0
9883,0
9884,0
9885,0
9886,0
9887,0
9888,0
9889,0
9890,0
9891,1
9892,0
9893,1
9894,1
9895,0
9896,0
9897,1
9898,0
9899,0
9900,0
9901,1
9902,0
9903,0
9904,0
9905,0
9906,1
9907,0
9908,0
9909,0
9910,1
9911,0
9912,0
9913,1
9914,0
9915,0
9916,1
9917,1
9918,1
9919,0
9920,1
9921,0
9922,1
9923,0
9924,0
9925,0
9926,1
9927,1
9928,1
9929,0
9930,0
9931,0
9932,0
9933,1
9934,0
9935,0
9936,0
9937,0
9938,0
9939,0
9940,1
9941,1
9942,0
9943,0
9944,0
9945,0
9946,1
9947,0
9948,0
9949,1
9950,1
9951,0
9952,0
9953,0
9954,1
9955,0
9956,0
9957,0
9958,1
9959,0
9960,0
9961,0
9962,0
9963,0
9964,0
9965,1
9966,0
9967,0
9968,0
9969,0
9970,0
9971,0
9972,1
9973,0
9974,0
9975,0
9976,0
9977,0
9978,0
9979,0
9980,0
9981,0
9982,1
9983,0
9984,0
9985,0
9986,0
9987,1
9988,0
9989,0
9990,0
9991,0
9992,0
9993,0
9994,0
9995,1
9996,0
9997,0
9998,0
9999,0
10000,1
10001,0
10002,0
10003,0
10004,0
10005,0
10006,0
10007,0
10008,0
10009,0
10010,0
10011,0
10012,0
10013,1
10014,0
10015,1
10016,0
10017,0
10018,0
10019,0
10020,1
10021,1
10022,0
10023,0
10024,0
10025,0
10026,0
10027,0
10028,0
10029,0
10030,0
10031,0
10032,0
10033,1
10034,0
10035,1
10036,0
10037,0
10038,0
10039,0
10040,0
10041,0
10042,0
10043,0
10044,0
10045,0
10046,0
10047,0
10048,0
10049,0
10050,1
10051,0
10052,0
10053,1
10054,0
10055,0
10056,0
10057,0
10058,0
10059,1
10060,0
10061,0
10062,0
10063,0
10064,0
10065,0
10066,0
10067,0
10068,0
10069,0
10070,1
10071,1
10072,0
10073,0
10074,1
10075,0
10076,0
10077,0
10078,0
10079,1
10080,0
10081,0
10082,0
10083,0
10084,1
10085,0
10086,0
10087,0
10088,0
10089,0
10090,0
10091,1
10092,0
10093,0
10094,0
10095,0
10096,0
10097,1
10098,0
10099,0
10100,0
10101,0
10102,1
10103,0
10104,0
10105,1
10106,0
10107,0
10108,0
10109,0
10110,0
10111,0
10112,0
10113,0
10114,0
10115,1
10116,0
10117,0
10118,0
10119,0
10120,0
10121,0
10122,1
10123,0
10124,0
10125,0
10126,1
10127,0
10128,1
10129,0
10130,1
10131,0
10132,0
10133,0
10134,1
10135,0
10136,0
10137,0
10138,1
10139,1
10140,0
10141,0
10142,0
10143,1
10144,0
10145,0
10146,0
10147,0
10148,0
10149,0
10150,0
10151,0
10152,0
10153,1
10154,1
10155,0
10156,1
10157,0
10158,0
10159,0
10160,0
10161,0
10162,0
10163,0
10164,0
10165,0
10166,0
10167,0
10168,1
10169,0
10170,0
10171,0
10172,1
10173,0
10174,0
10175,1
10176,1
10177,0
10178,0
10179,0
10180,0
10181,0
10182,1
10183,0
10184,0
10185,0
10186,1
10187,0
10188,1
10189,0
10190,0
10191,0
10192,0
10193,0
10194,0
10195,1
10196,0
10197,0
10198,0
10199,0
10200,0
10201,0
10202,0
10203,0
10204,0
10205,1
10206,0
10207,0
10208,1
10209,1
10210,0
10211,0
10212,0
10213,0
10214,1
10215,0
10216,0
10217,0
10218,0
10219,0
10220,0
10221,0
10222,0
10223,0
10224,0
10225,0
10226,0
10227,0
10228,0
10229,0
10230,0
10231,0
10232,0
10233,0
10234,0
10235,1
10236,1
10237,0
10238,0
10239,0
10240,0
10241,0
10242,0
10243,0
10244,1
10245,1
10246,0
10247,0
10248,0
10249,0
10250,0
10251,0
10252,0
10253,0
10254,1
10255,0
10256,0
10257,0
10258,0
10259,1
10260,1
10261,0
10262,0
10263,0
10264,0
10265,1
10266,0
10267,0
10268,1
10269,0
10270,0
10271,0
10272,1
10273,0
10274,1
10275,0
10276,0
10277,0
10278,1
10279,0
10280,0
10281,0
10282,0
10283,0
10284,0
10285,0
10286,0
10287,0
10288,0
10289,1
10290,0
10291,0
10292,0
10293,0
10294,1
10295,0
10296,0
10297,0
10298,0
10299,0
10300,0
10301,0
10302,0
10303,0
10304,0
10305,0
10306,0
10307,0
10308,0
10309,0
10310,0
10311,0
10312,0
10313,0
10314,0
10315,0
10316,0
10317,0
10318,0
10319,0
10320,0
10321,1
10322,0
10323,0
10324,0
10325,0
10326,0
10327,0
10328,1
10329,0
10330,0
10331,0
10332,0
10333,0
10334,0
10335,0
10336,0
10337,0
10338,1
10339,0
10340,0
10341,0
10342,1
10343,0
10344,0
10345,0
10346,1
10347,1
10348,1
10349,0
10350,0
10351,0
10352,0
10353,0
10354,0
10355,1
10356,0
10357,0
10358,0
10359,0
10360,0
10361,0
10362,0
10363,0
10364,0
10365,0
10366,0
10367,0
10368,0
10369,1
10370,0
10371,1
10372,0
10373,1
10374,0
10375,1
10376,0
10377,0
10378,0
10379,0
10380,0
10381,1
10382,0
10383,0
10384,1
10385,0
10386,0
10387,0
10388,0
10389,0
10390,0
10391,0
10392,0
10393,0
10394,0
10395,0
10396,0
10397,0
10398,1
10399,0
10400,1
10401,0
10402,0
10403,0
10404,1
10405,1
10406,0
10407,0
10408,0
10409,0
10410,0
10411,0
10412,0
10413,0
10414,0
10415,1
10416,0
10417,1
10418,0
10419,0
10420,1
10421,0
10422,0
10423,0
10424,0
10425,0
10426,0
10427,0
10428,0
10429,0
10430,0
10431,0
10432,0
10433,0
10434,0
10435,1
10436,0
10437,0
10438,0
10439,0
10440,0
10441,0
10442,0
10443,0
10444,0
10445,1
10446,0
10447,0
10448,0
10449,0
10450,1
10451,0
10452,0
10453,0
10454,0
10455,0
10456,1
10457,0
10458,1
10459,0
10460,0
10461,0
10462,0
10463,0
10464,0
10465,0
10466,0
10467,0
10468,0
10469,0
10470,0
10471,0
10472,0
10473,0
10474,0
10475,0
10476,1
10477,0
10478,0
10479,1
10480,0
10481,0
10482,0
10483,0
10484,0
10485,0
10486,0
10487,0
10488,0
10489,0
10490,0
10491,1
10492,1
10493,0
10494,0
10495,0
10496,1
10497,0
10498,0
10499,0
10500,0
10501,0
10502,0
10503,1
10504,0
10505,0
10506,0
10507,0
10508,0
10509,0
10510,0
10511,0
10512,0
10513,1
10514,0
10515,0
10516,0
10517,1
10518,0
10519,1
10520,0
10521,0
10522,0
10523,1
10524,1
10525,0
10526,0
10527,1
10528,0
10529,1
10530,0
10531,0
10532,0
10533,1
10534,0
10535,0
10536,0
10537,0
10538,0
10539,0
10540,0
10541,0
10542,1
10543,0
10544,1
10545,0
10546,0
10547,0
10548,0
10549,0
10550,0
10551,0
10552,0
10553,1
10554,0
10555,0
10556,0
10557,0
10558,0
10559,0
10560,0
10561,0
10562,0
10563,0
10564,0
10565,0
10566,0
10567,0
10568,1
10569,0
10570,1
10571,0
10572,0
10573,0
10574,1
10575,1
10576,1
10577,0
10578,0
10579,0
10580,0
10581,0
10582,0
10583,0
10584,0
10585,1
10586,1
10587,0
10588,0
10589,0
10590,0
10591,0
10592,0
10593,0
10594,1
10595,1
10596,1
10597,1
10598,0
10599,1
10600,0
10601,0
10602,1
10603,0
10604,0
10605,1
10606,0
10607,0
10608,0
10609,0
10610,0
10611,0
10612,0
10613,0
10614,0
10615,0
10616,0
10617,0
10618,1
10619,1
10620,0
10621,0
10622,1
10623,0
10624,0
10625,0
10626,0
10627,0
10628,0
10629,1
10630,1
10631,0
10632,1
10633,0
10634,1
10635,0
10636,0
10637,0
10638,0
10639,1
10640,0
10641,0
10642,0
10643,0
10644,0
10645,1
10646,1
10647,0
10648,0
10649,0
10650,0
10651,0
10652,0
10653,0
10654,0
10655,0
10656,0
10657,0
10658,0
10659,1
10660,0
10661,0
10662,0
10663,1
10664,0
10665,0
10666,0
10667,0
10668,0
10669,0
10670,0
10671,0
10672,0
10673,1
10674,0
10675,0
10676,1
10677,0
10678,1
10679,0
10680,1
10681,0
10682,0
10683,0
10684,0
10685,1
10686,0
10687,0
10688,0
10689,0
10690,0
10691,0
10692,0
10693,0
10694,1
10695,0
10696,0
10697,0
10698,0
10699,0
10700,0
10701,0
10702,0
10703,0
10704,1
10705,0
10706,0
10707,0
10708,1
10709,0
10710,0
10711,0
10712,0
10713,0
10714,0
10715,1
10716,1
10717,1
10718,0
10719,1
10720,0
10721,1
10722,0
10723,0
10724,0
10725,0
10726,0
10727,0
10728,0
10729,0
10730,0
10731,0
10732,1
10733,0
10734,0
10735,0
10736,1
10737,0
10738,1
10739,0
10740,0
10741,1
10742,0
10743,0
10744,0
10745,0
10746,0
10747,0
10748,0
10749,0
10750,1
10751,0
10752,0
10753,0
10754,0
10755,0
10756,0
10757,0
10758,0
10759,0
10760,0
10761,1
10762,0
10763,0
10764,0
10765,0
10766,0
10767,0
10768,0
10769,0
10770,0
10771,1
10772,0
10773,0
10774,0
10775,0
10776,0
10777,0
10778,0
10779,1
10780,0
10781,0
10782,0
10783,0
10784,0
10785,1
10786,0
10787,0
10788,0
10789,0
10790,0
10791,0
10792,0
10793,1
10794,0
10795,0
10796,0
10797,1
10798,0
10799,0
10800,1
10801,0
10802,0
10803,1
10804,0
10805,1
10806,0
10807,0
10808,1
10809,1
10810,0
10811,0
10812,0
10813,0
10814,1
10815,0
10816,0
10817,0
10818,1
10819,0
10820,0
10821,0
10822,0
10823,1
10824,0
10825,0
10826,0
10827,0
10828,1
10829,0
10830,0
10831,0
10832,0
10833,1
10834,0
10835,1
10836,0
10837,0
10838,0
10839,0
10840,0
10841,1
10842,0
10843,0
10844,0
10845,0
10846,1
10847,0
10848,0
10849,1
10850,0
10851,0
10852,0
10853,0
10854,0
10855,0
10856,0
10857,0
10858,0
10859,1
10860,0
10861,0
10862,1
10863,1
10864,0
10865,0
10866,0
10867,0
10868,0
10869,1
10870,0
10871,0
10872,0
10873,0
10874,1
10875,0
10876,0
10877,0
10878,0
10879,1
10880,0
10881,1
10882,0
10883,0
10884,0
10885,0
10886,1
10887,0
10888,0
10889,0
10890,0
10891,0
10892,0
10893,0
10894,1
10895,0
10896,0
10897,0
10898,0
10899,1
10900,0
10901,0
10902,0
10903,0
10904,1
10905,1
10906,0
10907,1
10908,1
10909,1
10910,0
10911,0
10912,0
10913,0
10914,0
10915,0
10916,0
10917,0
10918,1
10919,0
10920,0
10921,1
10922,0
10923,0
10924,0
10925,0
10926,0
10927,0
10928,0
10929,1
10930,0
10931,0
10932,0
10933,0
10934,0
10935,0
10936,0
10937,1
10938,0
10939,0
10940,1
10941,0
10942,0
10943,0
10944,1
10945,0
10946,0
10947,0
10948,1
10949,0
10950,0
10951,0
10952,0
10953,1
10954,0
10955,0
10956,0
10957,0
10958,0
10959,0
10960,0
10961,0
10962,1
10963,0
10964,1
10965,0
10966,0
10967,0
10968,0
10969,1
10970,0
10971,1
10972,0
10973,0
10974,0
10975,1
10976,0
10977,0
10978,0
10979,1
10980,1
10981,0
10982,1
10983,1
10984,0
10985,0
10986,0
10987,0
10988,1
10989,0
10990,0
10991,0
10992,0
10993,0
10994,0
10995,1
10996,0
10997,1
10998,1
10999,0
11000,1
11001,0
11002,0
11003,0
11004,0
11005,0
11006,0
11007,1
11008,1
11009,1
11010,0
11011,0
11012,1
11013,0
11014,0
11015,0
11016,1
11017,0
11018,0
11019,0
11020,0
11021,0
11022,0
11023,0
11024,0
11025,0
11026,0
11027,0
11028,0
11029,0
11030,0
11031,0
11032,0
11033,0
11034,0
11035,1
11036,1
11037,0
11038,0
11039,0
11040,0
11041,0
11042,0
11043,0
11044,0
11045,1
11046,0
11047,0
11048,0
11049,0
11050,0
11051,1
11052,0
11053,0
11054,0
11055,0
11056,0
11057,0
11058,0
11059,0
11060,0
11061,1
11062,0
11063,0
11064,0
11065,0
11066,0
11067,0
11068,1
11069,0
11070,0
11071,0
11072,0
11073,0
11074,0
11075,0
11076,0
11077,0
11078,0
11079,0
11080,1
11081,0
11082,0
11083,0
11084,0
11085,0
11086,0
11087,0
11088,0
11089,1
11090,0
11091,0
11092,0
11093,0
11094,0
11095,0
11096,0
11097,1
11098,1
11099,0
11100,0
11101,0
11102,0
11103,0
11104,0
11105,0
11106,0
11107,1
11108,0
11109,0
11110,0
11111,0
11112,0
11113,0
11114,0
11115,0
11116,1
11117,0
11118,0
11119,0
11120,1
11121,1
11122,0
11123,0
11124,0
11125,1
11126,0
11127,0
11128,0
11129,1
11130,0
11131,0
11132,1
11133,0
11134,1
11135,0
11136,0
11137,0
11138,0
11139,0
11140,0
11141,0
11142,0
11143,0
11144,1
11145,0
11146,0
11147,1
11148,1
11149,0
11150,1
11151,0
11152,0
11153,0
11154,0
11155,0
11156,1
11157,0
11158,0
11159,0
11160,0
11161,0
11162,1
11163,0
11164,1
11165,0
11166,1
11167,1
11168,0
11169,0
11170,0
11171,0
11172,0
11173,0
11174,1
11175,0
11176,0
11177,0
11178,0
11179,0
11180,0
11181,0
11182,0
11183,0
11184,0
11185,0
11186,0
11187,0
11188,0
11189,0
11190,1
11191,0
11192,0
11193,1
11194,1
11195,0
11196,1
11197,1
11198,0
11199,1
11200,0
11201,1
11202,0
11203,0
11204,0
11205,0
11206,1
11207,0
11208,0
11209,0
11210,0
11211,0
11212,0
11213,0
11214,0
11215,0
11216,0
11217,1
11218,1
11219,0
11220,0
11221,0
11222,0
11223,0
11224,1
11225,0
11226,1
11227,0
11228,1
11229,0
11230,0
11231,0
11232,0
11233,0
11234,0
11235,0
11236,1
11237,1
11238,0
11239,0
11240,0
11241,0
11242,0
11243,1
11244,0
11245,0
11246,0
11247,1
11248,0
11249,0
11250,0
11251,1
11252,0
11253,0
11254,0
11255,1
11256,1
11257,0
11258,0
11259,1
11260,0
11261,0
11262,0
11263,0
11264,0
11265,0
11266,1
11267,0
11268,1
11269,0
11270,0
11271,1
11272,0
11273,0
11274,0
11275,0
11276,1
11277,0
11278,0
11279,0
11280,0
11281,0
11282,0
11283,0
11284,0
11285,0
11286,0
11287,1
11288,0
11289,1
11290,0
11291,1
11292,0
11293,0
11294,0
11295,0
11296,0
11297,0
11298,1
11299,0
11300,0
11301,0
11302,0
11303,0
11304,1
11305,0
11306,0
11307,0
11308,0
11309,0
11310,0
11311,0
11312,0
11313,1
11314,0
11315,0
11316,0
11317,1
11318,0
11319,0
11320,0
11321,0
11322,0
11323,0
11324,1
11325,0
11326,0
11327,0
11328,0
11329,0
11330,0
11331,0
11332,0
11333,0
11334,0
11335,0
11336,0
11337,1
11338,0
11339,0
11340,0
11341,0
11342,1
11343,0
11344,0
11345,0
11346,0
11347,0
11348,0
11349,0
11350,0
11351,0
11352,0
11353,0
11354,1
11355,0
11356,0
11357,0
11358,1
11359,0
11360,0
11361,0
11362,0
11363,0
11364,0
11365,0
11366,0
11367,0
11368,0
11369,1
11370,1
11371,0
11372,0
11373,1
11374,0
11375,0
11376,0
11377,0
11378,0
11379,0
11380,0
11381,0
11382,0
11383,1
11384,0
11385,0
11386,0
11387,0
11388,0
11389,0
11390,0
11391,0
11392,0
11393,0
11394,0
11395,0
11396,1
11397,1
11398,0
11399,0
11400,0
11401,0
11402,0
11403,0
11404,0
11405,0
11406,0
11407,0
11408,0
11409,0
11410,0
11411,0
11412,0
11413,0
11414,0
11415,0
11416,0
11417,1
11418,0
11419,0
11420,0
11421,0
11422,1
11423,1
11424,1
11425,0
11426,0
11427,0
11428,0
11429,0
11430,0
11431,0
11432,0
11433,0
11434,0
11435,0
11436,0
11437,0
11438,0
11439,0
11440,0
11441,0
11442,0
11443,0
11444,1
11445,1
11446,0
11447,0
11448,1
11449,0
11450,0
11451,0
11452,0
11453,0
11454,0
11455,0
11456,0
11457,0
11458,0
11459,0
11460,0
11461,0
11462,0
11463,0
11464,0
11465,0
11466,0
11467,1
11468,0
11469,0
11470,0
11471,0
11472,0
11473,0
11474,0
11475,0
11476,0
11477,0
11478,0
11479,0
11480,0
11481,0
11482,0
11483,0
11484,0
11485,0
11486,0
11487,0
11488,0
11489,0
11490,0
11491,1
11492,0
11493,0
11494,0
11495,0
11496,0
11497,0
11498,0
11499,0
11500,0
11501,0
11502,0
11503,0
11504,0
11505,0
11506,0
11507,0
11508,0
11509,0
11510,0
11511,0
11512,1
11513,0
11514,0
11515,0
11516,0
11517,0
11518,0
11519,0
11520,0
11521,0
11522,0
11523,0
11524,1
11525,0
11526,0
11527,0
11528,0
11529,0
11530,0
11531,0
11532,0
11533,0
11534,0
11535,0
11536,0
11537,1
11538,0
11539,0
11540,0
11541,1
11542,1
11543,0
11544,0
11545,1
11546,0
11547,0
11548,0
11549,0
11550,1
11551,0
11552,0
11553,1
11554,0
11555,0
11556,0
11557,0
11558,0
11559,0
11560,0
11561,0
11562,0
11563,0
11564,0
11565,0
11566,0
11567,0
11568,0
11569,1
11570,0
11571,0
11572,0
11573,0
11574,1
11575,0
11576,0
11577,0
11578,1
11579,1
11580,0
11581,0
11582,0
11583,0
11584,1
11585,0
11586,0
11587,1
11588,0
11589,1
11590,1
11591,1
11592,0
11593,0
11594,1
11595,0
11596,0
11597,0
11598,0
11599,0
11600,0
11601,0
11602,1
11603,0
11604,0
11605,0
11606,0
11607,0
11608,0
11609,0
11610,0
11611,0
11612,0
11613,0
11614,0
11615,0
11616,0
11617,0
11618,0
11619,0
11620,0
11621,0
11622,0
11623,0
11624,0
11625,0
11626,0
11627,1
11628,0
11629,0
11630,1
11631,0
11632,0
11633,0
11634,0
11635,0
11636,0
11637,0
11638,0
11639,0
11640,0
11641,0
11642,0
11643,0
11644,0
11645,0
11646,0
11647,0
11648,1
11649,0
11650,0
11651,0
11652,0
11653,0
11654,0
11655,0
11656,0
11657,0
11658,1
11659,0
11660,1
11661,0
11662,1
11663,0
11664,1
11665,0
11666,1
11667,1
11668,0
11669,1
11670,0
11671,0
11672,0
11673,0
11674,0
11675,0
11676,1
11677,0
11678,0
11679,0
11680,0
11681,0
11682,1
11683,0
11684,0
11685,0
11686,0
11687,0
11688,0
11689,0
11690,0
11691,0
11692,0
11693,0
11694,1
11695,0
11696,0
11697,0
11698,0
11699,0
11700,0
11701,1
11702,0
11703,0
11704,1
11705,0
11706,0
11707,0
11708,0
11709,0
11710,0
11711,0
11712,0
11713,0
11714,0
11715,0
11716,1
11717,0
11718,0
11719,0
11720,0
11721,0
11722,0
11723,0
11724,0
11725,0
11726,0
11727,0
11728,1
11729,0
11730,0
11731,0
11732,1
11733,0
11734,0
11735,0
11736,0
11737,0
11738,0
11739,0
11740,0
11741,0
11742,1
11743,0
11744,1
11745,0
11746,0
11747,1
11748,0
11749,1
11750,0
11751,0
11752,0
11753,0
11754,0
11755,0
11756,0
11757,0
11758,0
11759,0
11760,0
11761,0
11762,0
11763,0
11764,0
11765,1
11766,1
11767,0
11768,0
11769,0
11770,0
11771,0
11772,0
11773,0
11774,0
11775,0
11776,1
11777,0
11778,1
11779,0
11780,0
11781,1
11782,0
11783,0
11784,0
11785,0
11786,0
11787,0
11788,0
11789,0
11790,0
11791,0
11792,1
11793,0
11794,1
11795,0
11796,0
11797,0
11798,0
11799,0
11800,0
11801,1
11802,0
11803,0
11804,0
11805,1
11806,0
11807,0
11808,1
11809,0
11810,0
11811,0
11812,0
11813,1
11814,0
11815,0
11816,0
11817,1
11818,0
11819,1
11820,0
11821,0
11822,0
11823,0
11824,0
11825,0
11826,0
11827,1
11828,1
11829,0
11830,0
11831,0
11832,0
11833,1
11834,0
11835,0
11836,0
11837,0
11838,1
11839,0
11840,1
11841,0
11842,0
11843,0
11844,0
11845,0
11846,1
11847,0
11848,1
11849,0
11850,0
11851,0
11852,0
11853,0
11854,0
11855,1
11856,1
11857,0
11858,1
11859,0
11860,0
11861,0
11862,0
11863,0
11864,0
11865,1
11866,0
11867,0
11868,0
11869,1
11870,0
11871,1
11872,0
11873,0
11874,1
11875,0
11876,0
11877,0
11878,1
11879,1
11880,1
11881,0
11882,0
11883,0
11884,0
11885,0
11886,0
11887,0
11888,0
11889,1
11890,0
11891,0
11892,1
11893,0
11894,0
11895,0
11896,0
11897,0
11898,0
11899,0
11900,0
11901,0
11902,0
11903,0
11904,0
11905,0
11906,0
11907,0
11908,0
11909,0
11910,1
11911,0
11912,0
11913,0
11914,0
11915,0
11916,1
11917,1
11918,0
11919,0
11920,0
11921,0
11922,0
11923,0
11924,0
11925,1
11926,0
11927,0
11928,0
11929,1
11930,0
11931,0
11932,0
11933,1
11934,1
11935,0
11936,1
11937,0
11938,1
11939,0
11940,0
11941,0
11942,0
11943,1
11944,0
11945,0
11946,0
11947,0
11948,0
11949,1
11950,0
11951,0
11952,0
11953,0
11954,0
11955,0
11956,0
11957,0
11958,1
11959,1
11960,0
11961,0
11962,0
11963,1
11964,0
11965,0
11966,1
11967,0
11968,0
11969,0
11970,0
11971,0
11972,0
11973,0
11974,0
11975,0
11976,0
11977,0
11978,1
11979,0
11980,0
11981,0
11982,0
11983,0
11984,0
11985,0
11986,0
11987,0
11988,1
11989,0
11990,0
11991,0
11992,0
11993,1
11994,1
11995,0
11996,0
11997,0
11998,0
11999,0
12000,0
12001,1
12002,0
12003,0
12004,0
12005,1
12006,1
12007,0
12008,0
12009,1
12010,1
12011,0
12012,0
12013,0
12014,0
12015,0
12016,0
12017,1
12018,0
12019,0
12020,0
12021,0
12022,0
12023,0
12024,0
12025,0
12026,1
12027,0
12028,0
12029,1
12030,0
12031,0
12032,0
12033,0
12034,0
12035,0
12036,0
12037,1
12038,1
12039,0
12040,1
12041,0
12042,0
12043,0
12044,0
12045,1
12046,0
12047,0
12048,0
12049,0
12050,0
12051,1
12052,0
12053,0
12054,0
12055,0
12056,0
12057,0
12058,0
12059,0
12060,1
12061,0
12062,0
12063,0
12064,0
12065,0
12066,0
12067,0
12068,0
12069,1
12070,0
12071,0
12072,0
12073,0
12074,0
12075,0
12076,1
12077,0
12078,0
12079,0
12080,1
12081,0
12082,0
12083,0
12084,0
12085,0
12086,1
12087,0
12088,0
12089,0
12090,0
12091,0
12092,0
12093,0
12094,0
12095,0
12096,0
12097,0
12098,0
12099,0
12100,0
12101,0
12102,0
12103,0
12104,0
12105,0
12106,0
12107,0
12108,0
12109,0
12110,1
12111,0
12112,1
12113,0
12114,0
12115,0
12116,0
12117,1
12118,1
12119,0
12120,0
12121,0
12122,0
12123,0
12124,0
12125,1
12126,1
12127,0
12128,1
12129,0
12130,0
12131,0
12132,0
12133,0
12134,1
12135,1
12136,0
12137,1
12138,0
12139,0
12140,1
12141,1
12142,0
12143,0
12144,1
12145,0
12146,0
12147,0
12148,0
12149,0
12150,0
12151,0
12152,1
12153,1
12154,0
12155,1
12156,0
12157,0
12158,0
12159,0
12160,1
12161,0
12162,0
12163,0
12164,0
12165,0
12166,0
12167,0
12168,0
12169,0
12170,0
12171,0
12172,0
12173,1
12174,0
12175,0
12176,0
12177,0
12178,0
12179,0
12180,0
12181,0
12182,0
12183,0
12184,0
12185,0
12186,0
12187,0
12188,0
12189,1
12190,0
12191,0
12192,0
12193,1
12194,0
12195,0
12196,0
12197,0
12198,0
12199,1
12200,0
12201,0
12202,0
12203,0
12204,0
12205,0
12206,0
12207,0
12208,0
12209,0
12210,0
12211,0
12212,1
12213,0
12214,0
12215,0
12216,0
12217,0
12218,0
12219,0
12220,0
12221,0
12222,1
12223,1
12224,0
12225,1
12226,0
12227,0
12228,0
12229,0
12230,0
12231,0
12232,0
12233,0
12234,0
12235,0
12236,0
12237,1
12238,0
12239,0
12240,1
12241,0
12242,0
12243,0
12244,0
12245,0
12246,0
12247,0
12248,1
12249,0
12250,0
12251,0
12252,1
12253,0
12254,0
12255,0
12256,1
12257,0
12258,0
12259,0
12260,0
12261,0
12262,0
12263,0
12264,0
12265,0
12266,0
12267,0
12268,1
12269,1
12270,0
12271,1
12272,0
12273,0
12274,0
12275,0
12276,0
12277,0
12278,1
12279,0
12280,1
12281,0
12282,0
12283,1
12284,0
12285,0
12286,0
12287,0
12288,0
12289,0
12290,0
12291,0
12292,1
12293,1
12294,0
12295,0
12296,0
12297,0
12298,0
12299,0
12300,0
12301,0
12302,0
12303,0
12304,0
12305,0
12306,0
12307,0
12308,0
12309,0
12310,0
12311,0
12312,0
12313,0
12314,0
12315,0
12316,0
12317,0
12318,0
12319,0
12320,0
12321,0
12322,0
12323,0
12324,0
12325,1
12326,1
12327,0
12328,0
12329,0
12330,0
12331,0
12332,0
12333,0
12334,1
12335,0
12336,0
12337,0
12338,0
12339,1
12340,0
12341,0
12342,1
12343,0
12344,1
12345,0
12346,0
12347,0
12348,0
12349,0
12350,0
12351,0
12352,0
12353,1
12354,0
12355,1
12356,0
12357,0
12358,0
12359,0
12360,0
12361,0
12362,0
12363,0
12364,0
12365,0
12366,0
12367,0
12368,0
12369,0
12370,0
12371,0
12372,0
12373,0
12374,0
12375,0
12376,0
12377,0
12378,0
12379,0
12380,0
12381,0
12382,0
12383,1
12384,1
12385,0
12386,1
12387,0
12388,0
12389,0
12390,0
12391,0
12392,1
12393,0
12394,1
12395,1
12396,1
12397,0
12398,0
12399,0
12400,0
12401,1
12402,1
12403,0
12404,0
12405,0
12406,0
12407,0
12408,0
12409,0
12410,0
12411,0
12412,0
12413,0
12414,0
12415,0
12416,0
12417,0
12418,1
12419,0
12420,0
12421,0
12422,0
12423,0
12424,1
12425,0
12426,0
12427,0
12428,0
12429,0
12430,0
12431,0
12432,0
12433,0
12434,0
12435,0
12436,1
12437,0
12438,0
12439,1
12440,0
12441,0
12442,1
12443,0
12444,0
12445,0
12446,0
12447,0
12448,1
12449,0
12450,0
12451,0
12452,0
12453,0
12454,1
12455,0
12456,0
12457,0
12458,0
12459,1
12460,0
12461,0
12462,0
12463,1
12464,1
12465,0
12466,0
12467,0
12468,0
12469,0
12470,1
12471,0
12472,0
12473,0
12474,0
12475,1
12476,0
12477,0
12478,0
12479,0
12480,0
12481,0
12482,0
12483,0
12484,0
12485,0
12486,0
12487,0
12488,1
12489,0
12490,0
12491,0
12492,0
12493,1
12494,0
12495,1
12496,1
12497,0
12498,0
12499,1
12500,0
12501,0
12502,0
12503,0
12504,0
12505,0
12506,0
12507,0
12508,0
12509,1
12510,0
12511,0
12512,0
12513,0
12514,0
12515,0
12516,0
12517,0
12518,0
12519,1
12520,0
12521,1
12522,0
12523,0
12524,0
12525,0
12526,0
12527,0
12528,1
12529,1
12530,0
12531,0
12532,0
12533,1
12534,0
12535,1
12536,1
12537,0
12538,0
12539,0
12540,1
12541,1
12542,0
12543,0
12544,0
12545,0
12546,0
12547,0
12548,1
12549,0
12550,0
12551,0
12552,0
12553,1
12554,0
12555,0
12556,0
12557,0
12558,0
12559,0
12560,0
12561,0
12562,0
12563,0
12564,0
12565,0
12566,0
12567,0
12568,0
12569,0
12570,1
12571,1
12572,0
12573,0
12574,0
12575,1
12576,0
12577,0
12578,0
12579,0
12580,0
12581,0
12582,0
12583,0
12584,0
12585,0
12586,0
12587,0
12588,0
12589,0
12590,0
12591,0
12592,0
12593,0
12594,0
12595,0
12596,0
12597,0
12598,0
12599,0
12600,0
12601,1
12602,0
12603,0
12604,0
12605,0
12606,1
12607,0
12608,0
12609,1
12610,1
12611,0
12612,0
12613,0
12614,0
12615,0
12616,0
12617,0
12618,1
12619,1
12620,0
12621,0
12622,1
12623,1
12624,1
12625,0
12626,0
12627,0
12628,0
12629,0
12630,1
12631,0
12632,0
12633,1
12634,1
12635,0
12636,0
12637,1
12638,1
12639,0
12640,0
12641,1
12642,0
12643,0
12644,0
12645,0
12646,0
12647,0
12648,0
12649,0
12650,0
12651,0
12652,0
12653,1
12654,0
12655,0
12656,0
12657,0
12658,0
12659,0
12660,0
12661,0
12662,0
12663,0
12664,0
12665,0
12666,0
12667,1
12668,0
12669,0
12670,1
12671,0
12672,0
12673,0
12674,0
12675,0
12676,0
12677,0
12678,0
12679,0
12680,0
12681,0
12682,0
12683,0
12684,1
12685,1
12686,0
12687,0
12688,1
12689,0
12690,0
12691,0
12692,0
12693,0
12694,0
12695,0
12696,1
12697,0
12698,0
12699,0
12700,1
12701,0
12702,1
12703,0
12704,1
12705,0
12706,0
12707,0
12708,0
12709,0
12710,0
12711,0
12712,0
12713,0
12714,1
12715,1
12716,0
12717,0
12718,0
12719,0
12720,1
12721,1
12722,0
12723,1
12724,0
12725,0
12726,0
12727,0
12728,0
12729,0
12730,1
12731,1
12732,0
12733,1
12734,0
12735,0
12736,0
12737,1
12738,0
12739,0
12740,0
12741,0
12742,1
12743,0
12744,0
12745,0
12746,1
12747,0
12748,1
12749,0
12750,1
12751,0
12752,0
12753,0
12754,0
12755,1
12756,0
12757,0
12758,0
12759,0
12760,0
12761,0
12762,1
12763,1
12764,0
12765,1
12766,0
12767,1
12768,0
12769,0
12770,0
12771,0
12772,1
12773,0
12774,0
12775,0
12776,0
12777,1
12778,0
12779,0
12780,0
12781,0
12782,0
12783,0
12784,0
12785,0
12786,0
12787,0
12788,0
12789,0
12790,0
12791,0
12792,0
12793,0
12794,0
12795,0
12796,0
12797,0
12798,0
12799,0
12800,0
12801,0
12802,0
12803,0
12804,0
12805,0
12806,1
12807,0
12808,0
12809,0
12810,0
12811,1
12812,0
12813,0
12814,0
12815,0
12816,0
12817,1
12818,1
12819,0
12820,1
12821,0
12822,1
12823,0
12824,0
12825,0
12826,0
12827,0
12828,0
12829,0
12830,0
12831,0
12832,1
12833,1
12834,1
12835,0
12836,0
12837,0
12838,0
12839,0
12840,0
12841,0
12842,1
12843,0
12844,1
12845,0
12846,1
12847,0
12848,0
12849,0
12850,0
12851,0
12852,0
12853,0
12854,0
12855,0
12856,0
12857,0
12858,0
12859,0
12860,0
12861,0
12862,0
12863,1
12864,0
12865,1
12866,0
12867,0
12868,0
12869,0
12870,0
12871,0
12872,1
12873,0
12874,0
12875,0
12876,1
12877,0
12878,0
12879,0
12880,0
12881,0
12882,0
12883,0
12884,0
12885,0
12886,0
12887,0
12888,0
12889,0
12890,0
12891,0
12892,0
12893,0
12894,0
12895,0
12896,1
12897,0
12898,1
12899,0
12900,1
12901,0
12902,1
12903,0
12904,0
12905,0
12906,0
12907,0
12908,0
12909,0
12910,1
12911,0
12912,0
12913,0
12914,0
12915,0
12916,0
12917,0
12918,1
12919,0
12920,0
12921,0
12922,0
12923,0
12924,0
12925,1
12926,0
12927,0
12928,0
12929,0
12930,0
12931,1
12932,0
12933,0
12934,0
12935,0
12936,0
12937,0
12938,1
12939,0
12940,0
12941,1
12942,0
12943,0
12944,0
12945,1
12946,0
12947,0
12948,0
12949,0
12950,0
12951,0
12952,0
12953,0
12954,0
12955,0
12956,0
12957,1
12958,0
12959,0
12960,0
12961,0
12962,0
12963,1
12964,0
12965,0
12966,0
12967,0
12968,0
12969,0
12970,0
12971,0
12972,0
12973,0
12974,0
12975,0
12976,0
12977,0
12978,1
12979,0
12980,0
12981,0
12982,1
12983,1
12984,1
12985,0
12986,0
12987,0
12988,0
12989,0
12990,0
12991,1
12992,0
12993,0
12994,0
12995,0
12996,1
12997,0
12998,0
12999,0
13000,0
13001,1
13002,0
13003,0
13004,0
13005,0
13006,1
13007,0
13008,1
13009,0
13010,0
13011,0
13012,0
13013,1
13014,1
13015,0
13016,0
13017,0
13018,0
13019,0
13020,0
13021,0
13022,0
13023,0
13024,1
13025,0
13026,0
13027,0
13028,0
13029,0
13030,0
13031,0
13032,0
13033,0
13034,0
13035,1
13036,0
13037,0
13038,1
13039,0
13040,1
13041,0
13042,0
13043,0
13044,1
13045,0
13046,0
13047,0
13048,0
13049,0
13050,0
13051,1
13052,0
13053,0
13054,1
13055,1
13056,0
13057,0
13058,0
13059,0
13060,0
13061,0
13062,1
13063,0
13064,1
13065,0
13066,0
13067,0
13068,0
13069,0
13070,1
13071,0
13072,0
13073,0
13074,0
13075,1
13076,1
13077,0
13078,1
13079,0
13080,1
13081,0
13082,0
13083,0
13084,0
13085,1
13086,0
13087,0
13088,0
13089,0
13090,1
13091,0
13092,0
13093,0
13094,0
13095,0
13096,0
13097,0
13098,1
13099,0
13100,0
13101,0
13102,1
13103,1
13104,1
13105,0
13106,1
13107,0
13108,0
13109,0
13110,0
13111,0
13112,0
13113,0
13114,0
13115,0
13116,0
13117,1
13118,1
13119,1
13120,1
13121,0
13122,0
13123,0
13124,0
13125,0
13126,1
13127,0
13128,0
13129,1
13130,0
13131,0
13132,0
13133,0
13134,0
13135,0
13136,0
13137,0
13138,0
13139,0
13140,1
13141,0
13142,0
13143,0
13144,0
13145,1
13146,1
13147,0
13148,0
13149,1
13150,1
13151,1
13152,0
13153,0
13154,0
13155,0
13156,0
13157,1
13158,1
13159,0
13160,0
13161,0
13162,1
13163,1
13164,0
13165,0
13166,1
13167,0
13168,0
13169,0
13170,0
13171,0
13172,0
13173,0
13174,0
13175,0
13176,1
13177,1
13178,0
13179,1
13180,0
13181,0
13182,1
13183,0
13184,0
13185,0
13186,1
13187,1
13188,0
13189,0
13190,0
13191,0
13192,1
13193,0
13194,0
13195,0
13196,0
13197,0
13198,0
13199,0
13200,0
13201,0
13202,0
13203,0
13204,0
13205,1
13206,0
13207,0
13208,0
13209,0
13210,0
13211,0
13212,0
13213,1
13214,0
13215,0
13216,0
13217,0
13218,0
13219,0
13220,0
13221,1
13222,0
13223,0
13224,0
13225,0
13226,0
13227,0
13228,1
13229,0
13230,0
13231,0
13232,1
13233,0
13234,0
13235,0
13236,0
13237,0
13238,0
13239,0
13240,0
13241,0
13242,0
13243,0
13244,0
13245,0
13246,0
13247,0
13248,1
13249,0
13250,1
13251,1
13252,1
13253,0
13254,0
13255,1
13256,1
13257,0
13258,0
13259,0
13260,0
13261,0
13262,0
13263,1
13264,0
13265,0
13266,0
13267,1
13268,1
13269,1
13270,1
13271,0
13272,1
13273,1
13274,0
13275,1
13276,0
13277,1
13278,0
13279,0
13280,0
13281,0
13282,0
13283,0
13284,1
13285,1
13286,0
13287,0
13288,0
13289,0
13290,0
13291,0
13292,0
13293,0
13294,1
13295,1
13296,0
13297,0
13298,0
13299,0
13300,0
13301,0
13302,1
13303,0
13304,1
13305,1
13306,1
13307,0
13308,0
13309,0
13310,0
13311,1
13312,0
13313,0
13314,0
13315,0
13316,0
13317,0
13318,1
13319,0
13320,0
13321,0
13322,0
13323,0
13324,1
13325,0
13326,0
13327,0
13328,0
13329,0
13330,1
13331,1
13332,0
13333,0
13334,0
13335,0
13336,0
13337,0
13338,0
13339,0
13340,0
13341,0
13342,0
13343,0
13344,0
13345,0
13346,0
13347,0
13348,0
13349,0
13350,0
13351,0
13352,1
13353,0
13354,0
13355,1
13356,0
13357,0
13358,0
13359,1
13360,0
13361,1
13362,0
13363,0
13364,0
13365,0
13366,0
13367,0
13368,0
13369,1
13370,0
13371,0
13372,1
13373,0
13374,0
13375,1
13376,1
13377,0
13378,1
13379,0
13380,0
13381,0
13382,1
13383,0
13384,0
13385,1
13386,0
13387,1
13388,0
13389,1
13390,1
13391,0
13392,0
13393,0
13394,0
13395,0
13396,0
13397,0
13398,0
13399,0
13400,0
13401,0
13402,0
13403,1
13404,0
13405,1
13406,0
13407,0
13408,0
13409,1
13410,1
13411,0
13412,0
13413,0
13414,0
13415,0
13416,1
13417,0
13418,0
13419,0
13420,0
13421,1
13422,1
13423,0
13424,0
13425,0
13426,1
13427,1
13428,0
13429,0
13430,0
13431,0
13432,0
13433,0
13434,0
13435,0
13436,0
13437,0
13438,0
13439,0
13440,0
13441,1
13442,1
13443,1
13444,0
13445,1
13446,0
13447,0
13448,0
13449,0
13450,0
13451,0
13452,0
13453,0
13454,0
13455,1
13456,1
13457,0
13458,0
13459,0
13460,0
13461,0
13462,0
13463,1
13464,0
13465,1
13466,0
13467,0
13468,0
13469,0
13470,0
13471,0
13472,0
13473,0
13474,0
13475,0
13476,0
13477,0
13478,0
13479,0
13480,0
13481,0
13482,1
13483,0
13484,0
13485,0
13486,0
13487,0
13488,0
13489,0
13490,0
13491,0
13492,0
13493,0
13494,0
13495,1
13496,0
13497,0
13498,0
13499,0
13500,0
13501,1
13502,0
13503,0
13504,0
13505,1
13506,0
13507,0
13508,0
13509,0
13510,0
13511,0
13512,0
13513,0
13514,0
13515,0
13516,0
13517,0
13518,0
13519,0
13520,0
13521,0
13522,0
13523,0
13524,1
13525,0
13526,0
13527,0
13528,0
13529,0
13530,0
13531,0
13532,0
13533,0
13534,0
13535,0
13536,0
13537,0
13538,0
13539,0
13540,0
13541,1
13542,0
13543,0
13544,0
13545,0
13546,1
13547,0
13548,0
13549,0
13550,0
13551,1
13552,0
13553,0
13554,0
13555,1
13556,1
13557,0
13558,0
13559,0
13560,1
13561,1
13562,0
13563,0
13564,0
13565,0
13566,0
13567,0
13568,0
13569,0
13570,1
13571,0
13572,1
13573,0
13574,0
13575,1
13576,0
13577,0
13578,0
13579,0
13580,1
13581,1
13582,1
13583,0
13584,0
13585,1
13586,1
13587,0
13588,0
13589,0
13590,1
13591,0
13592,0
13593,0
13594,0
13595,0
13596,1
13597,0
13598,0
13599,1
13600,0
13601,0
13602,0
13603,0
13604,0
13605,0
13606,0
13607,0
13608,0
13609,0
13610,0
13611,0
13612,0
13613,1
13614,0
13615,1
13616,0
13617,0
13618,1
13619,0
13620,0
13621,0
13622,0
13623,0
13624,0
13625,1
13626,0
13627,0
13628,0
13629,0
13630,0
13631,0
13632,1
13633,0
13634,0
13635,0
13636,1
13637,0
13638,0
13639,1
13640,0
13641,0
13642,0
13643,0
13644,0
13645,1
13646,0
13647,0
13648,0
13649,1
13650,0
13651,0
13652,0
13653,0
13654,0
13655,0
13656,0
13657,0
13658,0
13659,1
13660,0
13661,0
13662,0
13663,0
13664,1
13665,0
13666,1
13667,0
13668,1
13669,0
13670,1
13671,1
13672,0
13673,0
13674,0
13675,0
13676,1
13677,0
13678,0
13679,0
13680,0
13681,1
13682,0
13683,0
13684,0
13685,0
13686,0
13687,1
13688,1
13689,0
13690,0
13691,0
13692,1
13693,0
13694,0
13695,0
13696,0
13697,0
13698,0
13699,0
13700,0
13701,0
13702,1
13703,0
13704,0
13705,0
13706,0
13707,0
13708,0
13709,0
13710,0
13711,0
13712,0
13713,0
13714,0
13715,0
13716,0
13717,0
13718,1
13719,0
13720,0
13721,0
13722,0
13723,1
13724,0
13725,0
13726,0
13727,0
13728,0
13729,1
13730,0
13731,1
13732,0
13733,0
13734,0
13735,1
13736,0
13737,1
13738,0
13739,1
13740,0
13741,1
13742,0
13743,1
13744,0
13745,0
13746,0
13747,0
13748,1
13749,1
13750,0
13751,0
13752,0
13753,0
13754,1
13755,0
13756,0
13757,0
13758,1
13759,0
13760,0
13761,0
13762,0
13763,0
13764,0
13765,1
13766,0
13767,0
13768,1
13769,0
13770,0
13771,0
13772,0
13773,0
13774,0
13775,0
13776,0
13777,0
13778,0
13779,0
13780,0
13781,0
13782,0
13783,0
13784,1
13785,0
13786,0
13787,0
13788,0
13789,0
13790,0
13791,1
13792,0
13793,0
13794,0
13795,0
13796,1
13797,0
13798,1
13799,1
13800,0
13801,0
13802,0
13803,0
13804,0
13805,0
13806,0
13807,0
13808,0
13809,0
13810,0
13811,1
13812,0
13813,0
13814,0
13815,0
13816,1
13817,0
13818,1
13819,0
13820,0
13821,1
13822,0
13823,0
13824,0
13825,0
13826,0
13827,0
13828,1
13829,0
13830,0
13831,0
13832,0
13833,0
13834,0
13835,0
13836,0
13837,0
13838,0
13839,0
13840,1
13841,1
13842,0
13843,0
13844,0
13845,0
13846,0
13847,1
13848,0
13849,0
13850,0
13851,0
13852,1
13853,1
13854,0
13855,0
13856,0
13857,0
13858,0
13859,0
13860,1
13861,0
13862,0
13863,0
13864,0
13865,0
13866,0
13867,0
13868,0
13869,1
13870,0
13871,0
13872,1
13873,0
13874,0
13875,0
13876,0
13877,0
13878,0
13879,0
13880,0
13881,1
13882,0
13883,0
13884,0
13885,0
13886,0
13887,0
13888,0
13889,1
13890,0
13891,0
13892,0
13893,0
13894,0
13895,0
13896,0
13897,0
13898,0
13899,0
13900,1
13901,0
13902,0
13903,0
13904,0
13905,0
13906,0
13907,0
13908,0
13909,1
13910,0
13911,0
13912,0
13913,1
13914,1
13915,0
13916,0
13917,0
13918,1
13919,0
13920,0
13921,0
13922,0
13923,0
13924,0
13925,0
13926,0
13927,0
13928,1
13929,0
13930,0
13931,1
13932,0
13933,1
13934,0
13935,0
13936,0
13937,0
13938,0
13939,0
13940,1
13941,0
13942,0
13943,0
13944,0
13945,0
13946,0
13947,0
13948,0
13949,0
13950,0
13951,0
13952,0
13953,0
13954,0
13955,0
13956,0
13957,0
13958,0
13959,0
13960,0
13961,0
13962,0
13963,0
13964,0
13965,0
13966,1
13967,0
13968,0
13969,1
13970,0
13971,0
13972,1
13973,0
13974,0
13975,0
13976,0
13977,1
13978,0
13979,0
13980,0
13981,1
13982,0
13983,1
13984,0
13985,0
13986,0
13987,0
13988,0
13989,1
13990,0
13991,0
13992,1
13993,1
13994,1
13995,0
13996,0
13997,1
13998,0
13999,0
14000,0
14001,0
14002,0
14003,0
14004,0
14005,0
14006,0
14007,0
14008,0
14009,0
14010,0
14011,0
14012,0
14013,1
14014,0
14015,0
14016,0
14017,0
14018,1
14019,0
14020,0
14021,0
14022,0
14023,0
14024,0
14025,0
14026,0
14027,0
14028,0
14029,0
14030,1
14031,0
14032,0
14033,0
14034,0
14035,0
14036,1
14037,1
14038,0
14039,0
14040,0
14041,1
14042,0
14043,0
14044,0
14045,0
14046,0
14047,0
14048,0
14049,1
14050,0
14051,0
14052,0
14053,1
14054,0
14055,0
14056,1
14057,1
14058,1
14059,1
14060,0
14061,0
14062,0
14063,0
14064,0
14065,0
14066,1
14067,1
14068,0
14069,1
14070,0
14071,0
14072,0
14073,0
14074,0
14075,1
14076,0
14077,1
14078,0
14079,0
14080,0
14081,0
14082,0
14083,1
14084,0
14085,0
14086,0
14087,1
14088,0
14089,0
14090,0
14091,1
14092,0
14093,0
14094,1
14095,0
14096,0
14097,0
14098,0
14099,1
14100,0
14101,0
14102,1
14103,0
14104,0
14105,1
14106,0
14107,1
14108,0
14109,0
14110,0
14111,0
14112,0
14113,0
14114,0
14115,0
14116,0
14117,0
14118,0
14119,0
14120,1
14121,1
14122,0
14123,0
14124,0
14125,0
14126,0
14127,1
14128,0
14129,0
14130,0
14131,0
14132,0
14133,0
14134,1
14135,0
14136,1
14137,0
14138,0
14139,1
14140,0
14141,0
14142,1
14143,1
14144,1
14145,1
14146,0
14147,1
14148,0
14149,0
14150,1
14151,0
14152,0
14153,0
14154,0
14155,1
14156,0
14157,0
14158,1
14159,0
14160,1
14161,0
14162,0
14163,0
14164,0
14165,0
14166,0
14167,0
14168,0
14169,0
14170,0
14171,0
14172,0
14173,0
14174,0
14175,1
14176,1
14177,0
14178,0
14179,0
14180,1
14181,0
14182,1
14183,0
14184,0
14185,1
14186,1
14187,1
14188,0
14189,1
14190,0
14191,0
14192,0
14193,0
14194,1
14195,0
14196,0
14197,0
14198,0
14199,0
14200,0
14201,0
14202,1
14203,0
14204,0
14205,1
14206,0
14207,0
14208,0
14209,0
14210,1
14211,1
14212,0
14213,0
14214,0
14215,0
14216,0
14217,0
14218,0
14219,0
14220,0
14221,0
14222,1
14223,0
14224,1
14225,0
14226,1
14227,0
14228,0
14229,1
14230,1
14231,0
14232,0
14233,0
14234,0
14235,0
14236,0
14237,1
14238,0
14239,0
14240,0
14241,0
14242,0
14243,0
14244,0
14245,0
14246,0
14247,0
14248,0
14249,0
14250,0
14251,0
14252,0
14253,1
14254,0
14255,0
14256,1
14257,0
14258,0
14259,0
14260,1
14261,0
14262,0
14263,0
14264,0
14265,0
14266,0
14267,0
14268,1
14269,0
14270,1
14271,0
14272,0
14273,0
14274,0
14275,1
14276,0
14277,0
14278,0
14279,1
14280,0
14281,0
14282,0
14283,0
14284,0
14285,0
14286,0
14287,0
14288,0
14289,0
14290,0
14291,1
14292,0
14293,0
14294,0
14295,0
14296,0
14297,0
14298,0
14299,0
14300,0
14301,1
14302,0
14303,0
14304,1
14305,0
14306,1
14307,1
14308,0
14309,0
14310,1
14311,0
14312,0
14313,0
14314,1
14315,0
14316,0
14317,0
14318,0
14319,0
14320,0
14321,1
14322,1
14323,0
14324,0
14325,1
14326,0
14327,0
14328,0
14329,0
14330,0
14331,0
14332,0
14333,0
14334,0
14335,0
14336,0
14337,1
14338,1
14339,0
14340,0
14341,0
14342,0
14343,0
14344,0
14345,0
14346,1
14347,1
14348,0
14349,1
14350,0
14351,1
14352,0
14353,0
14354,0
14355,0
14356,0
14357,0
14358,0
14359,0
14360,0
14361,0
14362,0
14363,0
14364,1
14365,0
14366,0
14367,0
14368,0
14369,1
14370,0
14371,0
14372,0
14373,0
14374,0
14375,1
14376,1
14377,1
14378,0
14379,0
14380,0
14381,0
14382,0
14383,1
14384,1
14385,0
14386,0
14387,0
14388,0
14389,0
14390,0
14391,0
14392,1
14393,1
14394,0
14395,0
14396,0
14397,0
14398,1
14399,0
14400,0
14401,0
14402,0
14403,0
14404,0
14405,0
14406,1
14407,0
14408,1
14409,0
14410,0
14411,0
14412,1
14413,0
14414,1
14415,1
14416,1
14417,1
14418,0
14419,0
14420,0
14421,0
14422,0
14423,0
14424,0
14425,0
14426,0
14427,0
14428,1
14429,0
14430,0
14431,0
14432,0
14433,0
14434,1
14435,0
14436,0
14437,1
14438,0
14439,0
14440,1
14441,0
14442,1
14443,0
14444,0
14445,1
14446,0
14447,1
14448,0
14449,0
14450,0
14451,1
14452,0
14453,0
14454,1
14455,0
14456,0
14457,0
14458,0
14459,0
14460,0
14461,0
14462,0
14463,0
14464,0
14465,0
14466,0
14467,0
14468,0
14469,0
14470,1
14471,0
14472,0
14473,0
14474,0
14475,0
14476,0
14477,0
14478,0
14479,1
14480,1
14481,0
14482,1
14483,0
14484,1
14485,0
14486,0
14487,0
14488,0
14489,0
14490,0
14491,0
14492,0
14493,0
14494,0
14495,0
14496,0
14497,0
14498,0
14499,0
14500,0
14501,0
14502,0
14503,0
14504,0
14505,0
14506,0
14507,0
14508,0
14509,1
14510,0
14511,1
14512,0
14513,1
14514,1
14515,0
14516,1
14517,0
14518,0
14519,1
14520,0
14521,1
14522,1
14523,0
14524,0
14525,0
14526,0
14527,0
14528,0
14529,0
14530,0
14531,0
14532,0
14533,0
14534,0
14535,0
14536,0
14537,1
14538,0
14539,0
14540,0
14541,1
14542,0
14543,1
14544,0
14545,0
14546,0
14547,0
14548,0
14549,0
14550,0
14551,0
14552,0
14553,0
14554,0
14555,0
14556,0
14557,1
14558,0
14559,0
14560,0
14561,0
14562,0
14563,1
14564,0
14565,0
14566,0
14567,0
14568,0
14569,1
14570,0
14571,0
14572,0
14573,0
14574,0
14575,0
14576,0
14577,0
14578,0
14579,0
14580,0
14581,0
14582,1
14583,0
14584,0
14585,0
14586,0
14587,0
14588,1
14589,0
14590,1
14591,1
14592,1
14593,1
14594,0
14595,0
14596,0
14597,0
14598,0
14599,1
14600,0
14601,0
14602,0
14603,0
14604,0
14605,1
14606,0
14607,1
14608,1
14609,0
14610,0
14611,0
14612,0
14613,0
14614,0
14615,1
14616,0
14617,0
14618,0
14619,0
14620,0
14621,0
14622,0
14623,0
14624,0
14625,1
14626,0
14627,1
14628,0
14629,0
14630,0
14631,1
14632,0
14633,0
14634,0
14635,0
14636,0
14637,1
14638,0
14639,0
14640,0
14641,1
14642,0
14643,0
14644,1
14645,0
14646,0
14647,1
14648,1
14649,0
14650,1
14651,0
14652,0
14653,0
14654,0
14655,0
14656,0
14657,0
14658,0
14659,0
14660,0
14661,1
14662,0
14663,1
14664,0
14665,0
14666,0
14667,0
14668,0
14669,0
14670,0
14671,0
14672,0
14673,0
14674,0
14675,0
14676,0
14677,0
14678,0
14679,1
14680,0
14681,0
14682,0
14683,0
14684,0
14685,0
14686,0
14687,0
14688,0
14689,0
14690,0
14691,1
14692,1
14693,1
14694,1
14695,0
14696,0
14697,0
14698,0
14699,0
14700,0
14701,0
14702,0
14703,0
14704,0
14705,0
14706,0
14707,0
14708,0
14709,1
14710,0
14711,0
14712,0
14713,0
14714,0
14715,0
14716,0
14717,0
14718,1
14719,0
14720,0
14721,1
14722,0
14723,0
14724,0
14725,0
14726,0
14727,0
14728,1
14729,0
14730,0
14731,0
14732,0
14733,0
14734,0
14735,0
14736,1
14737,1
14738,0
14739,1
14740,1
14741,0
14742,0
14743,0
14744,1
14745,0
14746,0
14747,0
14748,0
14749,1
14750,0
14751,1
14752,0
14753,0
14754,1
14755,0
14756,1
14757,0
14758,0
14759,0
14760,0
14761,0
14762,0
14763,0
14764,0
14765,0
14766,0
14767,0
14768,0
14769,0
14770,0
14771,0
14772,1
14773,0
14774,0
14775,0
14776,0
14777,0
14778,0
14779,0
14780,0
14781,0
14782,0
14783,0
14784,0
14785,0
14786,0
14787,0
14788,0
14789,0
14790,0
14791,1
14792,0
14793,0
14794,0
14795,0
14796,0
14797,0
14798,0
14799,0
14800,0
14801,1
14802,1
14803,1
14804,0
14805,0
14806,0
14807,0
14808,0
14809,0
14810,0
14811,0
14812,0
14813,0
14814,0
14815,0
14816,0
14817,0
14818,1
14819,1
14820,0
14821,0
14822,0
14823,1
14824,0
14825,0
14826,0
14827,1
14828,0
14829,0
14830,0
14831,1
14832,0
14833,1
14834,0
14835,0
14836,1
14837,0
14838,0
14839,0
14840,0
14841,0
14842,1
14843,0
14844,0
14845,0
14846,0
14847,0
14848,0
14849,0
14850,0
14851,1
14852,0
14853,0
14854,0
14855,1
14856,0
14857,1
14858,0
14859,1
14860,1
14861,0
14862,0
14863,0
14864,0
14865,0
14866,0
14867,0
14868,0
14869,0
14870,1
14871,0
14872,0
14873,0
14874,0
14875,0
14876,0
14877,0
14878,0
14879,1
14880,0
14881,0
14882,0
14883,0
14884,0
14885,0
14886,0
14887,0
14888,0
14889,0
14890,0
14891,1
14892,1
14893,0
14894,0
14895,0
14896,0
14897,0
14898,0
14899,0
14900,1
14901,0
14902,0
14903,0
14904,0
14905,0
14906,0
14907,0
14908,1
14909,0
14910,0
14911,0
14912,0
14913,0
14914,0
14915,0
14916,0
14917,0
14918,0
14919,1
14920,0
14921,0
14922,0
14923,0
14924,1
14925,0
14926,0
14927,0
14928,0
14929,0
14930,0
14931,0
14932,0
14933,0
14934,0
14935,0
14936,0
14937,0
14938,0
14939,0
14940,1
14941,1
14942,0
14943,0
14944,0
14945,0
14946,0
14947,0
14948,0
14949,0
14950,0
14951,1
14952,0
14953,0
14954,0
14955,0
14956,0
14957,0
14958,1
14959,0
14960,0
14961,0
14962,0
14963,0
14964,0
14965,0
14966,0
14967,0
14968,0
14969,1
14970,1
14971,0
14972,0
14973,0
14974,0
14975,0
14976,0
14977,0
14978,0
14979,1
14980,0
14981,1
14982,0
14983,0
14984,0
14985,0
14986,0
14987,0
14988,1
14989,0
14990,0
14991,1
14992,0
14993,0
14994,0
14995,0
14996,0
14997,0
14998,0
14999,0
15000,1
15001,1
15002,1
15003,0
15004,0
15005,0
15006,1
15007,0
15008,0
15009,0
15010,1
15011,0
15012,0
15013,0
15014,1
15015,0
15016,1
15017,0
15018,0
15019,1
15020,0
15021,0
15022,1
15023,1
15024,0
15025,0
15026,1
15027,0
15028,0
15029,0
15030,0
15031,0
15032,0
15033,1
15034,1
15035,0
15036,0
15037,1
15038,0
15039,0
15040,1
15041,0
15042,1
15043,1
15044,0
15045,1
15046,0
15047,1
15048,0
15049,0
15050,0
15051,0
15052,1
15053,0
15054,0
15055,0
15056,0
15057,0
15058,0
15059,0
15060,0
15061,0
15062,1
15063,0
15064,0
15065,0
15066,1
15067,0
15068,0
15069,0
15070,0
15071,0
15072,0
15073,0
15074,1
15075,0
15076,0
15077,0
15078,0
15079,0
15080,1
15081,0
15082,0
15083,0
15084,1
15085,0
15086,0
15087,0
15088,0
15089,0
15090,1
15091,1
15092,0
15093,0
15094,0
15095,0
15096,0
15097,0
15098,1
15099,0
15100,1
15101,0
15102,1
15103,0
15104,0
15105,0
15106,1
15107,0
15108,0
15109,1
15110,0
15111,0
15112,0
15113,0
15114,0
15115,0
15116,0
15117,0
15118,0
15119,0
15120,1
15121,0
15122,1
15123,0
15124,1
15125,0
15126,0
15127,1
15128,0
15129,0
15130,0
15131,0
15132,0
15133,0
15134,0
15135,0
15136,0
15137,0
15138,0
15139,0
15140,0
15141,0
15142,0
15143,1
15144,1
15145,0
15146,1
15147,0
15148,0
15149,1
15150,0
15151,0
15152,1
15153,0
15154,0
15155,1
15156,0
15157,0
15158,0
15159,0
15160,0
15161,0
15162,0
15163,1
15164,0
15165,0
15166,0
15167,0
15168,0
15169,0
15170,0
15171,0
15172,0
15173,0
15174,1
15175,0
15176,0
15177,1
15178,0
15179,1
15180,0
15181,0
15182,0
15183,0
15184,0
15185,1
15186,1
15187,0
15188,0
15189,0
15190,0
15191,1
15192,0
15193,0
15194,0
15195,0
15196,0
15197,0
15198,0
15199,0
15200,0
15201,0
15202,0
15203,0
15204,0
15205,0
15206,0
15207,1
15208,0
15209,1
15210,0
15211,0
15212,0
15213,0
15214,1
15215,0
15216,0
15217,0
15218,0
15219,0
15220,1
15221,0
15222,0
15223,0
15224,0
15225,0
15226,0
15227,0
15228,1
15229,0
15230,0
15231,0
15232,0
15233,0
15234,1
15235,0
15236,0
15237,1
15238,0
15239,1
15240,0
15241,0
15242,0
15243,0
15244,0
15245,0
15246,0
15247,0
15248,0
15249,0
15250,0
15251,0
15252,0
15253,0
15254,0
15255,0
15256,0
15257,0
15258,0
15259,0
15260,0
15261,0
15262,1
15263,0
15264,1
15265,0
15266,0
15267,0
15268,1
15269,1
15270,0
15271,0
15272,0
15273,0
15274,0
15275,0
15276,0
15277,0
15278,0
15279,1
15280,0
15281,0
15282,0
15283,0
15284,0
15285,0
15286,0
15287,0
15288,0
15289,1
15290,1
15291,0
15292,1
15293,0
15294,0
15295,0
15296,0
15297,0
15298,1
15299,1
15300,0
15301,0
15302,0
15303,1
15304,0
15305,0
15306,0
15307,0
15308,1
15309,0
15310,0
15311,1
15312,0
15313,0
15314,0
15315,1
15316,0
15317,0
15318,0
15319,0
15320,0
15321,1
15322,0
15323,0
15324,0
15325,0
15326,1
15327,1
15328,0
15329,0
15330,0
15331,0
15332,0
15333,0
15334,0
15335,0
15336,0
15337,0
15338,0
15339,0
15340,1
15341,0
15342,0
15343,0
15344,0
15345,0
15346,0
15347,0
15348,0
15349,0
15350,0
15351,0
15352,0
15353,0
15354,0
15355,1
15356,0
15357,0
15358,0
15359,0
15360,0
15361,0
15362,0
15363,1
15364,0
15365,0
15366,1
15367,0
15368,0
15369,0
15370,0
15371,1
15372,0
15373,1
15374,0
15375,0
15376,0
15377,0
15378,0
15379,0
15380,1
15381,0
15382,0
15383,0
15384,0
15385,1
15386,0
15387,0
15388,0
15389,0
15390,0
15391,0
15392,1
15393,1
15394,0
15395,0
15396,0
15397,0
15398,0
15399,1
15400,0
15401,0
15402,0
15403,1
15404,0
15405,0
15406,0
15407,0
15408,0
15409,0
15410,1
15411,0
15412,0
15413,0
15414,0
15415,0
15416,0
15417,0
15418,1
15419,0
15420,0
15421,0
15422,0
15423,0
15424,1
15425,1
15426,0
15427,1
15428,0
15429,0
15430,0
15431,0
15432,0
15433,0
15434,0
15435,0
15436,0
15437,1
15438,0
15439,0
15440,1
15441,0
15442,0
15443,0
15444,0
15445,0
15446,0
15447,0
15448,0
15449,1
15450,1
15451,0
15452,0
15453,0
15454,1
15455,1
15456,0
15457,0
15458,1
15459,0
15460,1
15461,0
15462,0
15463,0
15464,0
15465,1
15466,0
15467,0
15468,0
15469,0
15470,0
15471,0
15472,1
15473,0
15474,0
15475,0
15476,1
15477,1
15478,0
15479,0
15480,0
15481,0
15482,1
15483,1
15484,0
15485,0
15486,0
15487,0
15488,0
15489,0
15490,0
15491,0
15492,0
15493,1
15494,0
15495,0
15496,1
15497,0
15498,0
15499,0
15500,1
15501,0
15502,0
15503,0
15504,1
15505,0
15506,0
15507,0
15508,0
15509,0
15510,0
15511,1
15512,0
15513,0
15514,0
15515,0
15516,0
15517,1
15518,0
15519,0
15520,0
15521,0
15522,0
15523,1
15524,0
15525,1
15526,0
15527,0
15528,0
15529,1
15530,0
15531,0
15532,0
15533,1
15534,0
15535,0
15536,0
15537,0
15538,0
15539,0
15540,1
15541,0
15542,0
15543,0
15544,0
15545,0
15546,0
15547,1
15548,0
15549,0
15550,0
15551,0
15552,0
15553,0
15554,0
15555,0
15556,0
15557,0
15558,0
15559,1
15560,0
15561,1
15562,1
15563,0
15564,0
15565,0
15566,0
15567,1
15568,0
15569,0
15570,1
15571,0
15572,0
15573,0
15574,0
15575,0
15576,0
15577,0
15578,0
15579,0
15580,1
15581,0
15582,0
15583,0
15584,0
15585,1
15586,1
15587,0
15588,1
15589,0
15590,0
15591,1
15592,0
15593,0
15594,0
15595,0
15596,1
15597,0
15598,0
15599,0
15600,0
15601,0
15602,1
15603,0
15604,0
15605,0
15606,0
15607,0
15608,0
15609,0
15610,0
15611,1
15612,1
15613,1
15614,0
15615,0
15616,0
15617,0
15618,0
15619,1
15620,0
15621,0
15622,0
15623,1
15624,0
15625,0
15626,0
15627,0
15628,0
15629,0
15630,0
15631,0
15632,0
15633,0
15634,1
15635,0
15636,0
15637,0
15638,0
15639,0
15640,0
15641,1
15642,0
15643,0
15644,0
15645,0
15646,1
15647,0
15648,0
15649,1
15650,0
15651,0
15652,1
15653,0
15654,0
15655,0
15656,0
15657,0
15658,0
15659,0
15660,0
15661,0
15662,1
15663,0
15664,0
15665,0
15666,0
15667,0
15668,0
15669,0
15670,0
15671,0
15672,0
15673,0
15674,0
15675,1
15676,0
15677,0
15678,0
15679,0
15680,0
15681,0
15682,1
15683,0
15684,0
15685,0
15686,0
15687,0
15688,0
15689,0
15690,1
15691,1
15692,0
15693,1
15694,0
15695,1
15696,0
15697,0
15698,0
15699,0
15700,0
15701,1
15702,0
15703,1
15704,0
15705,0
15706,1
15707,0
15708,0
15709,0
15710,0
15711,0
15712,0
15713,0
15714,0
15715,0
15716,0
15717,0
15718,0
15719,0
15720,1
15721,0
15722,0
15723,0
15724,0
15725,0
15726,1
15727,0
15728,0
15729,1
15730,0
15731,0
15732,0
15733,0
15734,0
15735,0
15736,0
15737,1
15738,0
15739,0
15740,0
15741,0
15742,0
15743,0
15744,0
15745,0
15746,0
15747,0
15748,0
15749,0
15750,1
15751,0
15752,0
15753,0
15754,0
15755,0
15756,0
15757,0
15758,0
15759,0
15760,0
15761,0
15762,0
15763,0
15764,0
15765,0
15766,0
15767,0
15768,0
15769,0
15770,0
15771,1
15772,1
15773,0
15774,0
15775,0
15776,0
15777,0
15778,0
15779,0
15780,0
15781,0
15782,0
15783,0
15784,0
15785,0
15786,1
15787,0
15788,0
15789,0
15790,0
15791,0
15792,1
15793,1
15794,0
15795,0
15796,1
15797,0
15798,0
15799,0
15800,0
15801,0
15802,0
15803,0
15804,0
15805,0
15806,0
15807,1
15808,1
15809,1
15810,0
15811,0
15812,0
15813,0
15814,1
15815,0
15816,1
15817,0
15818,0
15819,0
15820,0
15821,0
15822,0
15823,0
15824,0
15825,1
15826,1
15827,0
15828,0
15829,0
15830,0
15831,0
15832,0
15833,0
15834,1
15835,1
15836,0
15837,0
15838,0
15839,0
15840,0
15841,1
15842,0
15843,0
15844,0
15845,0
15846,0
15847,0
15848,1
15849,0
15850,0
15851,0
15852,0
15853,0
15854,0
15855,0
15856,0
15857,0
15858,0
15859,0
15860,0
15861,0
15862,0
15863,0
15864,0
15865,0
15866,0
15867,0
15868,1
15869,0
15870,0
15871,0
15872,1
15873,0
15874,0
15875,1
15876,0
15877,0
15878,0
15879,0
15880,0
15881,0
15882,0
15883,0
15884,0
15885,0
15886,0
15887,0
15888,0
15889,0
15890,0
15891,0
15892,1
15893,0
15894,0
15895,0
15896,0
15897,1
15898,0
15899,0
15900,0
15901,0
15902,0
15903,0
15904,0
15905,0
15906,0
15907,0
15908,0
15909,0
15910,0
15911,0
15912,0
15913,0
15914,0
15915,0
15916,0
15917,0
15918,1
15919,0
15920,0
15921,0
15922,0
15923,0
15924,0
15925,0
15926,0
15927,1
15928,0
15929,1
15930,0
15931,0
15932,1
15933,0
15934,0
15935,0
15936,0
15937,0
15938,1
15939,0
15940,0
15941,0
15942,0
15943,1
15944,0
15945,0
15946,0
15947,0
15948,0
15949,0
15950,0
15951,0
15952,1
15953,0
15954,0
15955,0
15956,1
15957,1
15958,0
15959,0
15960,0
15961,0
15962,0
15963,0
15964,0
15965,0
15966,0
15967,0
15968,0
15969,0
15970,0
15971,1
15972,0
15973,0
15974,0
15975,0
15976,0
15977,0
15978,0
15979,0
15980,0
15981,0
15982,0
15983,0
15984,0
15985,0
15986,0
15987,0
15988,0
15989,0
15990,1
15991,0
15992,0
15993,0
15994,0
15995,0
15996,0
15997,1
15998,0
15999,0
16000,1
16001,1
16002,0
16003,0
16004,0
16005,0
16006,0
16007,0
16008,0
16009,0
16010,1
16011,0
16012,0
16013,0
16014,0
16015,0
16016,0
16017,0
16018,0
16019,0
16020,0
16021,0
16022,1
16023,0
16024,0
16025,0
16026,0
16027,0
16028,0
16029,1
16030,0
16031,1
16032,0
16033,1
16034,0
16035,0
16036,0
16037,0
16038,1
16039,0
16040,0
16041,1
16042,0
16043,0
16044,0
16045,1
16046,0
16047,0
16048,0
16049,0
16050,0
16051,0
16052,0
16053,1
16054,0
16055,0
16056,1
16057,0
16058,0
16059,0
16060,0
16061,1
16062,0
16063,0
16064,0
16065,0
16066,0
16067,1
16068,0
16069,1
16070,1
16071,0
16072,0
16073,1
16074,1
16075,0
16076,0
16077,1
16078,0
16079,0
16080,0
16081,0
16082,0
16083,1
16084,1
16085,0
16086,0
16087,0
16088,1
16089,1
16090,0
16091,0
16092,0
16093,0
16094,0
16095,0
16096,0
16097,0
16098,0
16099,0
16100,1
16101,1
16102,1
16103,0
16104,1
16105,0
16106,0
16107,0
16108,0
16109,0
16110,0
16111,0
16112,0
16113,0
16114,0
16115,0
16116,0
16117,0
16118,0
16119,0
16120,0
16121,1
16122,0
16123,0
16124,0
16125,0
16126,0
16127,0
16128,0
16129,0
16130,0
16131,1
16132,0
16133,0
16134,0
16135,1
16136,0
16137,0
16138,0
16139,0
16140,0
16141,0
16142,0
16143,0
16144,0
16145,0
16146,0
16147,0
16148,0
16149,0
16150,0
16151,0
16152,0
16153,1
16154,1
16155,1
16156,0
16157,1
16158,0
16159,1
16160,1
16161,0
16162,0
16163,1
16164,1
16165,0
16166,1
16167,0
16168,0
16169,0
16170,0
16171,0
16172,0
16173,0
16174,0
16175,1
16176,1
16177,0
16178,0
16179,0
16180,0
16181,0
16182,1
16183,0
16184,0
16185,1
16186,1
16187,0
16188,0
16189,0
16190,0
16191,1
16192,0
16193,0
16194,0
16195,0
16196,0
16197,0
16198,0
16199,0
16200,0
16201,0
16202,1
16203,0
16204,0
16205,0
16206,0
16207,0
16208,0
16209,0
16210,1
16211,0
16212,0
16213,0
16214,0
16215,0
16216,1
16217,0
16218,0
16219,0
16220,0
16221,0
16222,0
16223,0
16224,0
16225,1
16226,1
16227,0
16228,0
16229,0
16230,0
16231,0
16232,0
16233,0
16234,0
16235,0
16236,0
16237,0
16238,1
16239,0
16240,0
16241,1
16242,0
16243,0
16244,0
16245,1
16246,1
16247,0
16248,0
16249,0
16250,0
16251,1
16252,0
16253,1
16254,0
16255,1
16256,1
16257,0
16258,0
16259,0
16260,0
16261,0
16262,1
16263,0
16264,0
16265,0
16266,1
16267,0
16268,0
16269,0
16270,0
16271,0
16272,0
16273,0
16274,0
16275,0
16276,0
16277,0
16278,0
16279,1
16280,0
16281,1
